Date,Open,High,Low,Close,Adj Close,Volume
2014-11-05,10.020000457763672,11.550000190734863,9.210000038146973,10.5,10.5,702302
2014-11-06,10.350000381469727,12.626700401306152,10.350000381469727,11.970000267028809,11.970000267028809,258256
2014-11-07,10.020000457763672,13.289999961853027,9.210000038146973,13.289999961853027,13.289999961853027,1034376
2014-11-10,13.479999542236328,16.709999084472656,13.25,16.0,16.0,172806
2014-11-11,17.0,18.47599983215332,16.0,16.469999313354492,16.469999313354492,187146
2014-11-12,16.469999313354492,16.989999771118164,13.100000381469727,13.40999984741211,13.40999984741211,136184
2014-11-13,13.300000190734863,13.420000076293945,12.0,13.420000076293945,13.420000076293945,140386
2014-11-14,12.934700012207031,13.409500122070312,12.510000228881836,12.699999809265137,12.699999809265137,43764
2014-11-17,13.079999923706055,13.989999771118164,13.079999923706055,13.449999809265137,13.449999809265137,33187
2014-11-18,13.9399995803833,14.0,13.449999809265137,14.0,14.0,59060
2014-11-19,13.789999961853027,14.0,13.600000381469727,13.65999984741211,13.65999984741211,34284
2014-11-20,13.609999656677246,13.654999732971191,12.840100288391113,13.170000076293945,13.170000076293945,65956
2014-11-21,13.699999809265137,13.699999809265137,12.550000190734863,12.649999618530273,12.649999618530273,45473
2014-11-24,12.710000038146973,12.75,12.5,12.520000457763672,12.520000457763672,28472
2014-11-25,12.623700141906738,12.909899711608887,12.510000228881836,12.680000305175781,12.680000305175781,22160
2014-11-26,12.510100364685059,12.670000076293945,12.5,12.539999961853027,12.539999961853027,25342
2014-11-28,12.523799896240234,13.399999618530273,12.510000228881836,13.199999809265137,13.199999809265137,28897
2014-12-01,13.000900268554688,13.179900169372559,12.0600004196167,12.210000038146973,12.210000038146973,43398
2014-12-02,12.449999809265137,13.849900245666504,12.300000190734863,13.149999618530273,13.149999618530273,46621
2014-12-03,13.567899703979492,15.050000190734863,13.5,14.470000267028809,14.470000267028809,90179
2014-12-04,14.807999610900879,14.819999694824219,13.619999885559082,13.739999771118164,13.739999771118164,37736
2014-12-05,13.989999771118164,14.550000190734863,13.010000228881836,13.960000038146973,13.960000038146973,39425
2014-12-08,14.0600004196167,14.418999671936035,13.600000381469727,14.239999771118164,14.239999771118164,18443
2014-12-09,13.609999656677246,14.609999656677246,13.600000381469727,14.600000381469727,14.600000381469727,23510
2014-12-10,14.579999923706055,16.6200008392334,14.0600004196167,16.06999969482422,16.06999969482422,128157
2014-12-11,16.200000762939453,18.0,15.75,17.139999389648438,17.139999389648438,99408
2014-12-12,16.5,17.600000381469727,16.060100555419922,17.049999237060547,17.049999237060547,36987
2014-12-15,17.426000595092773,18.0,15.029999732971191,15.479999542236328,15.479999542236328,79288
2014-12-16,15.020000457763672,15.979999542236328,14.6899995803833,15.390000343322754,15.390000343322754,43750
2014-12-17,15.229999542236328,15.489999771118164,14.720000267028809,15.26200008392334,15.26200008392334,31555
2014-12-18,15.90999984741211,16.639999389648438,15.300000190734863,16.010000228881836,16.010000228881836,49331
2014-12-19,16.0,17.149999618530273,15.579999923706055,15.600000381469727,15.600000381469727,31228
2014-12-22,15.199999809265137,15.850000381469727,14.600000381469727,15.239999771118164,15.239999771118164,79381
2014-12-23,15.619999885559082,15.979999542236328,14.989999771118164,15.3100004196167,15.3100004196167,16551
2014-12-24,15.119999885559082,15.49470043182373,15.119999885559082,15.49470043182373,15.49470043182373,5010
2014-12-26,15.880000114440918,17.5,15.829999923706055,17.045000076293945,17.045000076293945,64394
2014-12-29,17.25,20.549999237060547,17.25,19.90999984741211,19.90999984741211,212985
2014-12-30,20.540000915527344,21.950000762939453,19.75,19.790000915527344,19.790000915527344,161325
2014-12-31,19.904699325561523,21.229999542236328,19.5,19.75,19.75,42211
2015-01-02,20.456499099731445,20.600000381469727,18.500999450683594,18.700000762939453,18.700000762939453,38618
2015-01-05,18.8887996673584,20.489900588989258,18.5,19.149999618530273,19.149999618530273,50408
2015-01-06,19.100000381469727,19.83530044555664,18.579999923706055,18.84000015258789,18.84000015258789,36940
2015-01-07,19.940000534057617,21.8799991607666,19.050100326538086,20.899999618530273,20.899999618530273,95700
2015-01-08,21.399999618530273,23.100000381469727,21.0,23.0,23.0,126603
2015-01-09,23.180999755859375,23.5,21.540000915527344,21.8700008392334,21.8700008392334,71089
2015-01-12,22.350000381469727,22.631200790405273,21.5,21.920000076293945,21.920000076293945,93231
2015-01-13,22.100000381469727,22.547000885009766,21.700000762939453,21.81999969482422,21.81999969482422,84481
2015-01-14,21.75,22.27899932861328,21.030000686645508,21.6299991607666,21.6299991607666,94816
2015-01-15,21.68000030517578,22.209999084472656,21.12470054626465,21.979999542236328,21.979999542236328,54889
2015-01-16,22.239999771118164,22.249900817871094,21.270000457763672,21.649999618530273,21.649999618530273,39828
2015-01-20,21.559999465942383,21.77400016784668,17.809999465942383,17.969999313354492,17.969999313354492,135185
2015-01-21,18.90999984741211,18.90999984741211,17.010000228881836,18.309999465942383,18.309999465942383,97755
2015-01-22,18.190000534057617,20.68000030517578,18.010099411010742,20.600000381469727,20.600000381469727,66052
2015-01-23,19.21470069885254,20.239999771118164,19.020000457763672,20.239999771118164,20.239999771118164,38314
2015-01-26,20.399999618530273,20.399999618530273,19.149999618530273,19.440000534057617,19.440000534057617,42058
2015-01-27,19.100000381469727,19.739999771118164,18.25,18.950000762939453,18.950000762939453,60502
2015-01-28,19.0,19.139999389648438,18.1200008392334,18.25,18.25,46307
2015-01-29,18.329999923706055,18.329999923706055,16.600000381469727,17.239999771118164,17.239999771118164,54087
2015-01-30,17.059999465942383,17.889999389648438,16.260000228881836,17.790000915527344,17.790000915527344,31025
2015-02-02,16.704700469970703,17.86989974975586,16.704700469970703,17.25,17.25,28596
2015-02-03,16.520099639892578,17.0,15.25,15.8100004196167,15.8100004196167,76082
2015-02-04,14.770000457763672,15.779999732971191,14.029999732971191,14.859999656677246,14.859999656677246,128742
2015-02-05,14.826000213623047,15.75,14.750100135803223,15.239999771118164,15.239999771118164,29208
2015-02-06,15.970000267028809,15.970000267028809,15.300000190734863,15.569999694824219,15.569999694824219,31905
2015-02-09,15.979999542236328,16.329999923706055,15.520000457763672,15.65999984741211,15.65999984741211,19257
2015-02-10,15.720000267028809,16.25,15.499899864196777,16.100000381469727,16.100000381469727,43847
2015-02-11,16.09000015258789,16.09000015258789,15.100000381469727,16.049999237060547,16.049999237060547,16196
2015-02-12,15.850000381469727,16.200000762939453,15.600000381469727,16.200000762939453,16.200000762939453,23635
2015-02-13,16.004600524902344,16.75,15.859999656677246,16.3700008392334,16.3700008392334,20634
2015-02-17,16.291000366210938,16.739999771118164,16.290000915527344,16.520000457763672,16.520000457763672,8637
2015-02-18,16.729999542236328,17.25,16.729999542236328,17.190000534057617,17.190000534057617,17304
2015-02-19,17.25,19.739900588989258,17.15999984741211,19.649999618530273,19.649999618530273,60867
2015-02-20,19.899999618530273,20.809999465942383,18.989999771118164,19.3799991607666,19.3799991607666,124717
2015-02-23,19.559999465942383,19.860000610351562,18.75,19.329999923706055,19.329999923706055,19743
2015-02-24,18.920000076293945,20.09000015258789,18.920000076293945,19.799999237060547,19.799999237060547,29969
2015-02-25,20.485300064086914,20.485300064086914,19.0,19.280000686645508,19.280000686645508,24584
2015-02-26,19.53660011291504,19.53660011291504,18.8799991607666,19.049999237060547,19.049999237060547,10927
2015-02-27,19.238000869750977,20.200000762939453,19.100000381469727,19.34000015258789,19.34000015258789,35558
2015-03-02,19.650299072265625,19.760000228881836,19.139999389648438,19.760000228881836,19.760000228881836,6930
2015-03-03,19.510000228881836,19.8700008392334,18.309999465942383,18.459999084472656,18.459999084472656,21684
2015-03-04,18.5,19.079999923706055,16.68000030517578,18.700000762939453,18.700000762939453,41176
2015-03-05,18.299999237060547,19.700000762939453,18.040000915527344,19.450000762939453,19.450000762939453,54389
2015-03-06,19.600000381469727,19.829999923706055,18.20509910583496,19.219999313354492,19.219999313354492,53293
2015-03-09,19.309999465942383,19.5,18.570100784301758,18.639999389648438,18.639999389648438,9773
2015-03-10,18.500099182128906,19.0,17.100000381469727,17.8700008392334,17.8700008392334,31230
2015-03-11,17.799999237060547,17.799999237060547,16.719999313354492,17.299999237060547,17.299999237060547,38540
2015-03-12,17.5,18.209999084472656,17.040000915527344,18.15999984741211,18.15999984741211,35326
2015-03-13,18.86989974975586,18.86989974975586,17.920000076293945,18.350000381469727,18.350000381469727,24751
2015-03-16,18.250099182128906,18.520000457763672,17.030000686645508,17.649999618530273,17.649999618530273,32028
2015-03-17,17.299999237060547,17.949899673461914,17.25,17.760000228881836,17.760000228881836,17057
2015-03-18,17.950000762939453,18.049999237060547,17.010000228881836,17.389999389648438,17.389999389648438,21292
2015-03-19,17.690000534057617,19.0,17.3799991607666,18.690000534057617,18.690000534057617,40604
2015-03-20,18.858200073242188,19.010000228881836,17.959999084472656,18.579999923706055,18.579999923706055,32950
2015-03-23,18.59000015258789,18.989999771118164,17.90999984741211,18.850000381469727,18.850000381469727,16170
2015-03-24,17.45199966430664,18.979900360107422,17.45199966430664,18.889999389648438,18.889999389648438,17583
2015-03-25,18.6299991607666,18.860000610351562,16.5,16.829999923706055,16.829999923706055,47930
2015-03-26,16.440000534057617,17.095300674438477,16.110000610351562,16.549999237060547,16.549999237060547,24794
2015-03-27,16.653600692749023,17.458999633789062,16.653600692749023,16.75,16.75,11289
2015-03-30,17.940000534057617,18.020000457763672,17.049999237060547,17.139999389648438,17.139999389648438,33948
2015-03-31,17.200000762939453,17.209999084472656,16.440000534057617,16.864999771118164,16.864999771118164,14035
2015-04-01,16.8700008392334,17.1299991607666,16.310100555419922,17.1299991607666,17.1299991607666,13126
2015-04-02,16.989999771118164,17.149999618530273,16.350000381469727,16.510000228881836,16.510000228881836,20658
2015-04-06,16.5,17.18000030517578,16.219999313354492,16.329999923706055,16.329999923706055,42196
2015-04-07,16.639999389648438,17.1200008392334,16.219999313354492,16.889999389648438,16.889999389648438,24129
2015-04-08,17.0,17.25,16.857500076293945,17.0,17.0,57678
2015-04-09,16.120100021362305,17.079999923706055,16.1200008392334,16.950000762939453,16.950000762939453,27068
2015-04-10,16.764999389648438,17.190000534057617,16.640100479125977,16.860000610351562,16.860000610351562,46853
2015-04-13,16.799999237060547,17.5,16.760000228881836,17.079999923706055,17.079999923706055,14613
2015-04-14,16.850000381469727,17.149999618530273,16.770000457763672,16.809999465942383,16.809999465942383,29892
2015-04-15,16.85099983215332,17.319000244140625,16.84000015258789,16.940000534057617,16.940000534057617,12018
2015-04-16,16.98900032043457,17.1299991607666,16.750099182128906,16.989999771118164,16.989999771118164,14478
2015-04-17,16.803699493408203,16.803699493408203,15.8100004196167,15.850000381469727,15.850000381469727,34737
2015-04-20,16.539899826049805,16.539899826049805,15.0,15.251999855041504,15.251999855041504,44751
2015-04-21,15.369999885559082,15.699999809265137,14.819999694824219,14.90999984741211,14.90999984741211,52097
2015-04-22,14.850000381469727,15.109999656677246,13.920000076293945,14.25,14.25,56248
2015-04-23,14.295999526977539,14.920000076293945,14.270000457763672,14.680000305175781,14.680000305175781,137987
2015-04-24,14.904999732971191,15.137299537658691,14.270000457763672,14.579999923706055,14.579999923706055,37822
2015-04-27,14.680000305175781,14.720000267028809,13.51099967956543,14.029999732971191,14.029999732971191,42623
2015-04-28,14.0600004196167,14.0600004196167,13.050000190734863,13.739999771118164,13.739999771118164,39915
2015-04-29,13.620499610900879,13.6899995803833,13.300000190734863,13.5600004196167,13.5600004196167,12381
2015-04-30,13.100000381469727,13.420000076293945,12.989999771118164,13.25,13.25,11497
2015-05-01,13.199999809265137,13.479999542236328,13.140000343322754,13.420000076293945,13.420000076293945,10099
2015-05-04,13.5,14.100000381469727,13.380000114440918,13.479999542236328,13.479999542236328,44763
2015-05-05,13.630000114440918,13.800000190734863,13.25,13.387999534606934,13.387999534606934,25229
2015-05-06,13.329999923706055,13.890000343322754,13.109999656677246,13.680000305175781,13.680000305175781,50344
2015-05-07,13.609999656677246,13.895000457763672,13.100000381469727,13.59000015258789,13.59000015258789,173421
2015-05-08,13.75,14.958000183105469,13.220000267028809,13.710000038146973,13.710000038146973,62408
2015-05-11,14.170000076293945,14.729900360107422,13.600000381469727,13.600000381469727,13.600000381469727,44376
2015-05-12,13.699999809265137,15.789999961853027,13.600000381469727,14.65999984741211,14.65999984741211,97210
2015-05-13,13.739999771118164,14.859999656677246,13.25,13.6899995803833,13.6899995803833,111854
2015-05-14,13.949999809265137,14.210000038146973,13.600099563598633,13.770000457763672,13.770000457763672,29339
2015-05-15,13.373200416564941,13.699999809265137,12.960000038146973,13.109999656677246,13.109999656677246,48264
2015-05-18,13.199999809265137,13.25,12.869999885559082,13.0,13.0,42383
2015-05-19,12.869999885559082,13.239999771118164,12.59000015258789,12.9399995803833,12.9399995803833,54329
2015-05-20,12.693699836730957,12.729999542236328,11.960000038146973,12.300000190734863,12.300000190734863,79207
2015-05-21,12.25,12.779999732971191,12.199999809265137,12.569999694824219,12.569999694824219,45986
2015-05-22,12.640000343322754,12.839900016784668,12.420000076293945,12.59000015258789,12.59000015258789,9537
2015-05-26,12.670000076293945,12.789999961853027,12.3100004196167,12.350000381469727,12.350000381469727,34552
2015-05-27,12.449999809265137,12.489999771118164,12.25,12.359999656677246,12.359999656677246,13430
2015-05-28,12.40999984741211,13.489999771118164,12.25,13.149999618530273,13.149999618530273,212991
2015-05-29,13.430000305175781,13.893699645996094,13.1899995803833,13.800000190734863,13.800000190734863,51507
2015-06-01,13.989999771118164,14.100000381469727,13.109999656677246,13.170000076293945,13.170000076293945,27823
2015-06-02,13.130000114440918,13.630000114440918,13.050000190734863,13.149999618530273,13.149999618530273,29895
2015-06-03,13.170000076293945,13.37600040435791,12.382499694824219,12.779999732971191,12.779999732971191,24422
2015-06-04,12.707599639892578,12.930000305175781,12.574999809265137,12.770000457763672,12.770000457763672,41278
2015-06-05,12.932000160217285,13.0,12.569999694824219,12.84000015258789,12.84000015258789,25434
2015-06-08,12.770000457763672,12.770000457763672,11.649999618530273,12.1899995803833,12.1899995803833,82309
2015-06-09,12.279999732971191,12.560500144958496,12.15999984741211,12.289999961853027,12.289999961853027,40508
2015-06-10,12.385100364685059,12.449999809265137,12.010000228881836,12.15999984741211,12.15999984741211,19578
2015-06-11,12.199999809265137,12.289899826049805,11.710000038146973,11.960000038146973,11.960000038146973,27397
2015-06-12,11.979999542236328,12.4350004196167,11.579999923706055,12.420000076293945,12.420000076293945,45755
2015-06-15,12.5,13.640000343322754,12.449999809265137,12.880000114440918,12.880000114440918,136235
2015-06-16,12.913999557495117,13.380000114440918,12.90999984741211,13.25,13.25,48402
2015-06-17,13.300000190734863,13.767399787902832,12.914999961853027,13.079999923706055,13.079999923706055,63822
2015-06-18,13.0,13.239999771118164,12.300000190734863,12.4399995803833,12.4399995803833,77427
2015-06-19,12.508999824523926,12.880000114440918,12.149999618530273,12.470000267028809,12.470000267028809,38368
2015-06-22,12.625,12.950900077819824,12.470000267028809,12.699999809265137,12.699999809265137,25603
2015-06-23,12.710000038146973,13.366999626159668,12.460000038146973,12.899999618530273,12.899999618530273,149103
2015-06-24,12.899999618530273,13.119999885559082,12.760000228881836,12.850000381469727,12.850000381469727,28578
2015-06-25,12.6899995803833,12.859999656677246,12.300000190734863,12.569999694824219,12.569999694824219,26271
2015-06-26,12.520000457763672,12.664999961853027,12.109999656677246,12.1899995803833,12.1899995803833,25725
2015-06-29,12.010000228881836,12.214500427246094,11.619999885559082,11.619999885559082,11.619999885559082,34748
2015-06-30,11.529999732971191,11.782999992370605,11.430000305175781,11.529999732971191,11.529999732971191,60600
2015-07-01,10.0,10.699999809265137,8.59000015258789,9.529999732971191,9.529999732971191,539706
2015-07-02,9.710000038146973,10.029999732971191,9.539999961853027,9.880000114440918,9.880000114440918,91523
2015-07-06,9.800000190734863,10.21500015258789,9.628999710083008,9.899999618530273,9.899999618530273,68050
2015-07-07,10.020000457763672,10.020000457763672,9.760299682617188,9.8100004196167,9.8100004196167,9570
2015-07-08,9.800000190734863,9.979999542236328,9.65999984741211,9.819999694824219,9.819999694824219,24985
2015-07-09,9.90999984741211,9.949999809265137,9.718500137329102,9.885000228881836,9.885000228881836,27809
2015-07-10,10.01990032196045,10.4399995803833,9.880000114440918,9.880000114440918,9.880000114440918,21438
2015-07-13,9.930000305175781,10.5649995803833,9.930000305175781,10.09000015258789,10.09000015258789,25651
2015-07-14,10.050000190734863,10.909899711608887,10.050000190734863,10.25,10.25,28438
2015-07-15,10.289999961853027,11.149999618530273,10.260000228881836,11.109999656677246,11.109999656677246,121831
2015-07-16,11.140000343322754,11.569999694824219,10.800000190734863,10.989999771118164,10.989999771118164,45893
2015-07-17,11.050000190734863,11.640000343322754,11.050000190734863,11.470000267028809,11.470000267028809,17224
2015-07-20,11.329999923706055,11.75,11.09000015258789,11.399999618530273,11.399999618530273,63455
2015-07-21,11.460000038146973,11.460000038146973,10.609999656677246,10.670000076293945,10.670000076293945,47963
2015-07-22,10.630000114440918,10.989999771118164,10.289999961853027,10.960000038146973,10.960000038146973,36430
2015-07-23,11.050000190734863,11.15999984741211,10.869999885559082,11.029999732971191,11.029999732971191,27100
2015-07-24,10.859999656677246,11.140000343322754,10.819999694824219,11.0,11.0,55858
2015-07-27,10.949999809265137,11.100000381469727,10.8100004196167,11.010000228881836,11.010000228881836,42124
2015-07-28,11.430000305175781,11.430000305175781,10.829999923706055,11.180000305175781,11.180000305175781,22496
2015-07-29,11.100000381469727,11.100000381469727,10.750100135803223,10.890000343322754,10.890000343322754,188069
2015-07-30,10.899999618530273,11.079999923706055,10.6899995803833,11.0600004196167,11.0600004196167,53722
2015-07-31,11.0,11.100000381469727,10.890000343322754,10.890000343322754,10.890000343322754,26066
2015-08-03,10.859999656677246,11.149999618530273,10.180000305175781,10.420000076293945,10.420000076293945,35478
2015-08-04,10.65999984741211,10.65999984741211,10.152000427246094,10.5,10.5,8033
2015-08-05,10.479999542236328,10.479999542236328,10.039999961853027,10.34000015258789,10.34000015258789,25800
2015-08-06,10.210000038146973,10.279999732971191,9.84000015258789,10.069999694824219,10.069999694824219,18789
2015-08-07,10.0,10.0,9.619999885559082,9.734999656677246,9.734999656677246,17796
2015-08-10,9.6899995803833,10.180000305175781,9.479999542236328,9.619999885559082,9.619999885559082,39514
2015-08-11,9.179699897766113,9.979900360107422,9.15999984741211,9.15999984741211,9.15999984741211,21701
2015-08-12,9.100000381469727,9.529999732971191,8.920000076293945,9.479999542236328,9.479999542236328,29169
2015-08-13,9.449999809265137,10.140000343322754,9.399999618530273,9.920000076293945,9.920000076293945,23925
2015-08-14,9.989999771118164,10.0,9.520000457763672,9.899999618530273,9.899999618530273,30842
2015-08-17,9.75,11.0,9.75,11.0,11.0,24387
2015-08-18,10.9399995803833,10.9399995803833,10.460000038146973,10.59000015258789,10.59000015258789,16754
2015-08-19,10.569999694824219,10.569999694824219,9.970000267028809,10.149999618530273,10.149999618530273,19276
2015-08-20,10.119999885559082,10.284700393676758,9.930000305175781,10.270000457763672,10.270000457763672,17946
2015-08-21,10.119999885559082,10.5,9.710000038146973,10.15999984741211,10.15999984741211,136456
2015-08-24,9.850000381469727,10.369999885559082,9.43649959564209,10.050000190734863,10.050000190734863,33309
2015-08-25,10.030099868774414,10.194999694824219,9.989999771118164,10.09000015258789,10.09000015258789,18300
2015-08-26,10.319999694824219,10.9399995803833,9.899999618530273,10.279999732971191,10.279999732971191,11606
2015-08-27,10.479999542236328,10.479999542236328,9.869999885559082,10.180000305175781,10.180000305175781,2691
2015-08-28,10.050000190734863,10.399999618530273,9.800100326538086,10.220000267028809,10.220000267028809,22856
2015-08-31,10.319999694824219,10.319999694824219,9.800000190734863,9.819999694824219,9.819999694824219,11362
2015-09-01,9.640000343322754,10.149999618530273,9.180000305175781,10.0,10.0,25384
2015-09-02,10.109999656677246,10.109999656677246,9.359999656677246,9.84000015258789,9.84000015258789,38640
2015-09-03,9.819999694824219,10.170000076293945,9.770000457763672,10.039999961853027,10.039999961853027,29271
2015-09-04,9.975000381469727,10.189900398254395,9.829999923706055,9.920000076293945,9.920000076293945,15224
2015-09-08,10.069999694824219,10.069999694824219,9.330100059509277,9.539999961853027,9.539999961853027,43106
2015-09-09,9.59000015258789,9.637399673461914,9.25,9.270000457763672,9.270000457763672,18872
2015-09-10,9.25,9.345999717712402,9.0,9.0,9.0,21474
2015-09-11,9.0,9.130000114440918,8.930000305175781,9.050000190734863,9.050000190734863,23962
2015-09-14,9.100000381469727,9.107000350952148,8.670000076293945,8.979999542236328,8.979999542236328,74785
2015-09-15,8.979999542236328,9.020000457763672,8.579999923706055,8.960000038146973,8.960000038146973,87656
2015-09-16,8.930000305175781,9.020000457763672,8.680000305175781,8.920000076293945,8.920000076293945,50720
2015-09-17,8.880000114440918,9.25,8.819999694824219,9.199999809265137,9.199999809265137,61056
2015-09-18,9.09000015258789,9.260000228881836,8.899999618530273,9.180000305175781,9.180000305175781,44162
2015-09-21,10.5,10.5,9.5,9.529999732971191,9.529999732971191,24230
2015-09-22,9.289999961853027,10.09000015258789,9.100000381469727,9.100099563598633,9.100099563598633,16258
2015-09-23,9.1899995803833,9.348999977111816,8.579999923706055,8.670000076293945,8.670000076293945,26513
2015-09-24,8.609999656677246,8.989999771118164,8.265000343322754,8.579999923706055,8.579999923706055,55321
2015-09-25,8.539999961853027,9.15999984741211,8.220000267028809,8.449999809265137,8.449999809265137,59860
2015-09-28,8.449999809265137,8.473400115966797,8.0,8.289999961853027,8.289999961853027,12696
2015-09-29,8.220000267028809,8.260000228881836,7.940000057220459,8.140000343322754,8.140000343322754,33889
2015-09-30,8.25,8.5,8.039999961853027,8.260000228881836,8.260000228881836,13236
2015-10-01,8.270000457763672,8.479999542236328,8.270000457763672,8.279999732971191,8.279999732971191,9389
2015-10-02,8.279999732971191,8.529999732971191,8.279999732971191,8.329999923706055,8.329999923706055,31080
2015-10-05,8.550000190734863,9.109999656677246,8.460000038146973,9.109999656677246,9.109999656677246,152582
2015-10-06,9.029999732971191,9.319999694824219,8.899999618530273,9.170000076293945,9.170000076293945,17353
2015-10-07,9.260000228881836,10.0649995803833,9.229999542236328,10.0,10.0,47418
2015-10-08,10.0,10.069999694824219,9.199999809265137,9.229999542236328,9.229999542236328,40196
2015-10-09,9.5,9.630000114440918,9.489999771118164,9.520000457763672,9.520000457763672,7632
2015-10-12,9.539999961853027,9.920000076293945,9.199999809265137,9.210000038146973,9.210000038146973,8012
2015-10-13,9.199999809265137,9.579999923706055,9.199999809265137,9.520000457763672,9.520000457763672,15882
2015-10-14,9.930000305175781,9.930000305175781,9.390000343322754,9.420000076293945,9.420000076293945,7677
2015-10-15,9.859999656677246,9.859999656677246,9.34000015258789,9.640000343322754,9.640000343322754,9544
2015-10-16,9.34000015258789,9.569999694824219,9.029999732971191,9.229999542236328,9.229999542236328,51724
2015-10-19,9.600000381469727,9.600000381469727,8.770000457763672,8.970000267028809,8.970000267028809,8122
2015-10-20,8.880000114440918,8.970000267028809,8.520000457763672,8.619999885559082,8.619999885559082,11913
2015-10-21,8.619999885559082,8.619999885559082,8.260000228881836,8.550000190734863,8.550000190734863,28131
2015-10-22,8.989999771118164,9.020000457763672,8.6899995803833,8.869999885559082,8.869999885559082,14466
2015-10-23,8.390000343322754,8.699999809265137,8.109999656677246,8.579999923706055,8.579999923706055,8721
2015-10-26,8.37399959564209,8.520000457763672,8.050000190734863,8.220000267028809,8.220000267028809,12349
2015-10-27,8.0600004196167,8.210000038146973,8.0600004196167,8.100000381469727,8.100000381469727,9758
2015-10-28,8.149999618530273,8.369999885559082,8.050000190734863,8.220000267028809,8.220000267028809,13877
2015-10-29,8.25,8.390999794006348,8.050000190734863,8.079999923706055,8.079999923706055,32655
2015-10-30,8.140000343322754,8.184000015258789,8.050000190734863,8.050000190734863,8.050000190734863,18097
2015-11-02,8.149999618530273,8.670000076293945,8.0600004196167,8.479999542236328,8.479999542236328,15927
2015-11-03,8.449999809265137,8.550000190734863,8.319999694824219,8.319999694824219,8.319999694824219,9071
2015-11-04,8.3100004196167,8.670000076293945,8.100000381469727,8.380000114440918,8.380000114440918,27488
2015-11-05,8.40999984741211,8.40999984741211,8.050000190734863,8.050000190734863,8.050000190734863,8635
2015-11-06,8.050000190734863,8.149999618530273,7.78000020980835,7.989999771118164,7.989999771118164,28240
2015-11-09,8.0,8.23009967803955,7.909999847412109,8.020000457763672,8.020000457763672,20159
2015-11-10,8.0,8.260000228881836,7.880000114440918,8.149999618530273,8.149999618530273,31372
2015-11-11,8.880000114440918,8.880000114440918,7.860000133514404,7.880000114440918,7.880000114440918,29815
2015-11-12,7.880000114440918,8.649999618530273,7.880000114440918,8.130000114440918,8.130000114440918,6993
2015-11-13,8.199999809265137,8.380000114440918,8.010000228881836,8.1899995803833,8.1899995803833,12001
2015-11-16,8.149999618530273,8.149999618530273,8.0,8.0,8.0,6069
2015-11-17,8.109999656677246,8.199999809265137,8.0,8.020000457763672,8.020000457763672,8212
2015-11-18,8.010000228881836,8.229999542236328,8.010000228881836,8.229999542236328,8.229999542236328,30257
2015-11-19,8.25,8.710000038146973,8.210000038146973,8.40999984741211,8.40999984741211,20836
2015-11-20,8.5,9.149999618530273,8.37720012664795,9.100000381469727,9.100000381469727,29074
2015-11-23,9.434000015258789,9.744500160217285,9.350000381469727,9.390000343322754,9.390000343322754,9323
2015-11-24,9.380000114440918,9.75,9.029999732971191,9.09000015258789,9.09000015258789,11797
2015-11-25,9.630000114440918,9.67300033569336,9.140000343322754,9.300000190734863,9.300000190734863,11733
2015-11-27,9.202899932861328,9.399999618530273,9.199999809265137,9.199999809265137,9.199999809265137,4376
2015-11-30,9.1899995803833,9.479999542236328,9.130000114440918,9.239999771118164,9.239999771118164,4257
2015-12-01,9.210000038146973,9.319999694824219,8.949999809265137,9.170000076293945,9.170000076293945,17804
2015-12-02,8.979999542236328,9.199999809265137,8.979999542236328,9.100000381469727,9.100000381469727,26866
2015-12-03,9.0,9.125499725341797,9.0,9.0,9.0,10052
2015-12-04,9.0,9.069999694824219,8.899999618530273,9.050000190734863,9.050000190734863,15672
2015-12-07,8.970000267028809,9.039899826049805,8.8100004196167,8.960000038146973,8.960000038146973,16238
2015-12-08,8.800000190734863,8.913999557495117,8.6899995803833,8.850000381469727,8.850000381469727,12811
2015-12-09,8.899999618530273,8.899999618530273,8.1899995803833,8.329999923706055,8.329999923706055,11419
2015-12-10,8.350000381469727,8.350000381469727,8.0,8.100000381469727,8.100000381469727,8390
2015-12-11,8.050100326538086,8.15999984741211,8.0,8.020000457763672,8.020000457763672,12861
2015-12-14,8.020000457763672,8.109999656677246,7.949999809265137,7.949999809265137,7.949999809265137,29549
2015-12-15,7.949999809265137,8.0,7.849999904632568,7.940000057220459,7.940000057220459,4746
2015-12-16,7.940000057220459,8.09000015258789,7.940000057220459,8.029999732971191,8.029999732971191,11856
2015-12-17,8.0600004196167,8.239999771118164,8.050000190734863,8.050000190734863,8.050000190734863,20142
2015-12-18,7.949999809265137,8.15999984741211,7.599999904632568,7.690000057220459,7.690000057220459,23221
2015-12-21,7.619500160217285,8.130000114440918,7.570000171661377,8.0,8.0,39035
2015-12-22,8.050000190734863,8.4399995803833,8.050000190734863,8.4399995803833,8.4399995803833,9028
2015-12-23,7.949999809265137,8.470000267028809,7.929999828338623,8.329999923706055,8.329999923706055,5360
2015-12-24,8.010000228881836,8.324000358581543,8.010000228881836,8.119999885559082,8.119999885559082,8430
2015-12-28,8.100000381469727,8.59000015258789,8.100000381469727,8.460000038146973,8.460000038146973,10391
2015-12-29,8.29990005493164,8.29990005493164,7.992000102996826,8.029999732971191,8.029999732971191,12431
2015-12-30,7.25,8.1899995803833,7.25,8.1899995803833,8.1899995803833,90073
2015-12-31,7.619999885559082,8.569999694824219,7.619999885559082,8.039999961853027,8.039999961853027,78970
2016-01-04,7.789999961853027,8.050000190734863,7.651000022888184,7.960000038146973,7.960000038146973,10965
2016-01-05,8.1899995803833,8.1899995803833,7.860000133514404,8.015000343322754,8.015000343322754,15357
2016-01-06,8.029999732971191,8.079999923706055,7.849999904632568,7.869999885559082,7.869999885559082,13445
2016-01-07,8.1899995803833,8.1899995803833,7.690000057220459,7.864999771118164,7.864999771118164,19814
2016-01-08,7.809999942779541,8.039999961853027,7.800000190734863,7.940000057220459,7.940000057220459,16516
2016-01-11,8.25,8.25,7.860000133514404,8.239999771118164,8.239999771118164,39457
2016-01-12,8.130000114440918,8.420000076293945,7.960000038146973,8.029999732971191,8.029999732971191,21823
2016-01-13,7.960000038146973,7.980000019073486,7.610000133514404,7.730000019073486,7.730000019073486,25735
2016-01-14,7.800000190734863,7.840000152587891,7.769999980926514,7.829999923706055,7.829999923706055,11601
2016-01-15,7.659999847412109,7.880000114440918,7.440000057220459,7.670000076293945,7.670000076293945,36355
2016-01-19,7.800000190734863,7.800000190734863,7.079999923706055,7.210000038146973,7.210000038146973,22707
2016-01-20,7.139999866485596,7.320000171661377,6.390100002288818,6.599999904632568,6.599999904632568,41315
2016-01-21,6.5,6.800000190734863,6.420000076293945,6.610000133514404,6.610000133514404,28861
2016-01-22,6.650000095367432,6.900000095367432,6.650000095367432,6.880000114440918,6.880000114440918,11589
2016-01-25,7.110000133514404,7.389999866485596,6.849999904632568,6.940000057220459,6.940000057220459,8122
2016-01-26,7.289999961853027,7.289999961853027,6.769999980926514,6.889999866485596,6.889999866485596,7376
2016-01-27,6.840000152587891,6.989999771118164,6.710100173950195,6.730000019073486,6.730000019073486,2552
2016-01-28,6.809999942779541,6.809999942779541,6.320000171661377,6.489999771118164,6.489999771118164,35112
2016-01-29,6.900000095367432,6.900000095367432,6.46999979019165,6.610000133514404,6.610000133514404,13196
2016-02-01,6.5,6.889999866485596,6.5,6.670000076293945,6.670000076293945,8898
2016-02-02,6.559999942779541,6.710000038146973,6.400000095367432,6.46999979019165,6.46999979019165,3619
2016-02-03,6.507999897003174,6.639999866485596,6.400100231170654,6.46999979019165,6.46999979019165,2624
2016-02-04,6.349999904632568,6.860000133514404,6.309999942779541,6.860000133514404,6.860000133514404,16534
2016-02-05,6.71999979019165,6.849999904632568,6.590000152587891,6.78000020980835,6.78000020980835,5117
2016-02-08,6.75,6.769999980926514,6.410099983215332,6.760000228881836,6.760000228881836,12107
2016-02-09,6.75,7.119999885559082,6.75,7.0,7.0,15154
2016-02-10,6.980000019073486,7.389999866485596,6.889999866485596,7.079999923706055,7.079999923706055,6405
2016-02-11,7.13539981842041,7.210000038146973,7.099800109863281,7.170000076293945,7.170000076293945,5780
2016-02-12,7.25,7.300000190734863,7.170000076293945,7.289999961853027,7.289999961853027,8821
2016-02-16,7.170000076293945,7.28000020980835,6.840000152587891,6.849999904632568,6.849999904632568,24089
2016-02-17,7.210000038146973,8.130000114440918,7.0,7.940000057220459,7.940000057220459,13367
2016-02-18,7.980000019073486,7.980000019073486,7.300000190734863,7.300000190734863,7.300000190734863,9284
2016-02-19,6.809999942779541,7.360000133514404,6.800000190734863,7.210000038146973,7.210000038146973,11994
2016-02-22,7.119999885559082,7.440000057220459,7.010000228881836,7.010000228881836,7.010000228881836,8097
2016-02-23,7.090000152587891,7.389999866485596,7.045000076293945,7.239999771118164,7.239999771118164,3516
2016-02-24,7.150000095367432,7.449999809265137,7.0,7.324999809265137,7.324999809265137,4044
2016-02-25,7.429999828338623,7.429999828338623,7.070000171661377,7.309999942779541,7.309999942779541,3268
2016-02-26,7.351500034332275,7.46999979019165,7.239999771118164,7.239999771118164,7.239999771118164,10578
2016-02-29,7.300000190734863,7.440000057220459,7.235000133514404,7.324999809265137,7.324999809265137,12162
2016-03-01,7.399899959564209,7.46999979019165,7.399899959564209,7.440000057220459,7.440000057220459,40517
2016-03-02,7.699999809265137,7.85890007019043,7.28000020980835,7.820000171661377,7.820000171661377,26640
2016-03-03,7.820000171661377,7.820000171661377,7.380000114440918,7.460000038146973,7.460000038146973,11451
2016-03-04,7.449999809265137,7.760000228881836,7.21999979019165,7.21999979019165,7.21999979019165,16176
2016-03-07,7.480000019073486,7.510000228881836,7.300000190734863,7.440000057220459,7.440000057220459,7435
2016-03-08,7.489999771118164,7.703100204467773,7.260000228881836,7.329999923706055,7.329999923706055,7528
2016-03-09,7.599999904632568,7.599999904632568,7.25,7.360000133514404,7.360000133514404,6446
2016-03-10,7.5,7.5,7.25,7.360000133514404,7.360000133514404,4183
2016-03-11,7.612400054931641,7.639999866485596,7.440000057220459,7.4899001121521,7.4899001121521,3554
2016-03-14,7.699999809265137,7.699999809265137,7.378799915313721,7.570000171661377,7.570000171661377,5087
2016-03-15,7.440000057220459,7.630000114440918,7.360000133514404,7.369999885559082,7.369999885559082,8533
2016-03-16,7.360000133514404,7.369999885559082,6.75,7.119999885559082,7.119999885559082,745531
2016-03-17,7.320000171661377,7.320000171661377,6.679999828338623,6.980000019073486,6.980000019073486,184705
2016-03-18,6.960000038146973,7.340000152587891,6.849999904632568,7.150000095367432,7.150000095367432,7470
2016-03-21,7.269999980926514,7.269999980926514,6.5,6.96999979019165,6.96999979019165,26482
2016-03-22,7.269999980926514,7.269999980926514,6.650000095367432,6.710000038146973,6.710000038146973,23605
2016-03-23,6.889999866485596,6.889999866485596,6.510700225830078,6.585000038146973,6.585000038146973,5730
2016-03-24,6.732800006866455,6.860000133514404,6.550000190734863,6.704999923706055,6.704999923706055,5131
2016-03-28,6.730000019073486,6.730000019073486,6.670000076293945,6.670000076293945,6.670000076293945,4848
2016-03-29,6.599999904632568,6.71999979019165,6.519999980926514,6.590000152587891,6.590000152587891,10839
2016-03-30,6.610000133514404,7.130000114440918,6.610000133514404,6.619999885559082,6.619999885559082,4719
2016-03-31,7.019999980926514,7.019999980926514,6.599999904632568,6.989999771118164,6.989999771118164,8912
2016-04-01,7.139999866485596,7.139999866485596,6.730000019073486,6.860000133514404,6.860000133514404,8278
2016-04-04,6.760000228881836,7.099999904632568,6.760000228881836,7.099999904632568,7.099999904632568,6945
2016-04-05,7.0,7.010000228881836,6.800000190734863,6.960000038146973,6.960000038146973,4622
2016-04-06,7.010000228881836,7.170000076293945,6.960000038146973,7.170000076293945,7.170000076293945,12567
2016-04-07,7.039999961853027,7.150000095367432,7.010000228881836,7.050000190734863,7.050000190734863,10961
2016-04-08,7.079999923706055,7.360000133514404,7.079999923706055,7.150000095367432,7.150000095367432,8102
2016-04-11,7.46999979019165,7.46999979019165,7.050000190734863,7.150000095367432,7.150000095367432,5957
2016-04-12,7.050000190734863,7.070000171661377,6.920000076293945,7.050000190734863,7.050000190734863,5644
2016-04-13,7.25,7.260000228881836,7.050000190734863,7.260000228881836,7.260000228881836,8857
2016-04-14,7.510000228881836,7.510000228881836,7.170000076293945,7.329999923706055,7.329999923706055,10248
2016-04-15,7.330599784851074,7.460000038146973,7.059999942779541,7.460000038146973,7.460000038146973,17523
2016-04-18,7.25,7.550000190734863,7.21999979019165,7.539999961853027,7.539999961853027,31304
2016-04-19,7.5,7.5,7.0,7.0,7.0,31145
2016-04-20,7.070000171661377,7.480000019073486,7.070000171661377,7.25,7.25,21722
2016-04-21,7.389999866485596,7.389999866485596,7.260000228881836,7.360000133514404,7.360000133514404,12785
2016-04-22,7.5,7.614999771118164,7.420000076293945,7.614999771118164,7.614999771118164,16094
2016-04-25,7.510000228881836,7.71999979019165,7.099999904632568,7.289999961853027,7.289999961853027,7394
2016-04-26,7.300000190734863,7.300000190734863,7.050000190734863,7.199999809265137,7.199999809265137,22033
2016-04-27,7.28000020980835,7.28000020980835,7.079999923706055,7.159999847412109,7.159999847412109,7003
2016-04-28,7.039999961853027,7.25,7.039999961853027,7.070000171661377,7.070000171661377,7196
2016-04-29,7.0,7.130000114440918,7.0,7.130000114440918,7.130000114440918,7416
2016-05-02,7.000100135803223,7.1066999435424805,7.000100135803223,7.039999961853027,7.039999961853027,2239
2016-05-03,7.139999866485596,7.139999866485596,7.010000228881836,7.019999980926514,7.019999980926514,5319
2016-05-04,7.139999866485596,7.170000076293945,6.760000228881836,6.840000152587891,6.840000152587891,68999
2016-05-05,6.889999866485596,6.900000095367432,6.510000228881836,6.619999885559082,6.619999885559082,67840
2016-05-06,6.590000152587891,6.760000228881836,6.5,6.690000057220459,6.690000057220459,11590
2016-05-09,6.670000076293945,6.784999847412109,6.610000133514404,6.690000057220459,6.690000057220459,28418
2016-05-10,6.670000076293945,6.789999961853027,6.519999980926514,6.670000076293945,6.670000076293945,21784
2016-05-11,6.703000068664551,6.829999923706055,6.679999828338623,6.735000133514404,6.735000133514404,8325
2016-05-12,7.059999942779541,7.099999904632568,6.599999904632568,6.659999847412109,6.659999847412109,9733
2016-05-13,6.579999923706055,6.730000019073486,6.5,6.539999961853027,6.539999961853027,12936
2016-05-16,6.689899921417236,6.960000038146973,6.650000095367432,6.869999885559082,6.869999885559082,8930
2016-05-17,6.840000152587891,6.909999847412109,6.559999942779541,6.769999980926514,6.769999980926514,7303
2016-05-18,6.75,6.840000152587891,6.550000190734863,6.619999885559082,6.619999885559082,10183
2016-05-19,6.610000133514404,6.670000076293945,6.550000190734863,6.659999847412109,6.659999847412109,4992
2016-05-20,6.560100078582764,6.699900150299072,6.559999942779541,6.639999866485596,6.639999866485596,8525
2016-05-23,6.699999809265137,6.699999809265137,6.610000133514404,6.699999809265137,6.699999809265137,8229
2016-05-24,6.760000228881836,6.849999904632568,6.550000190734863,6.599999904632568,6.599999904632568,6478
2016-05-25,6.949999809265137,6.949999809265137,6.64900016784668,6.650000095367432,6.650000095367432,14181
2016-05-26,6.590000152587891,6.800000190734863,6.210000038146973,6.78000020980835,6.78000020980835,40275
2016-05-27,6.570000171661377,6.789999961853027,6.09499979019165,6.550000190734863,6.550000190734863,10016
2016-05-31,6.610000133514404,6.929999828338623,6.5,6.929999828338623,6.929999828338623,21662
2016-06-01,6.940000057220459,7.239999771118164,6.900000095367432,7.019999980926514,7.019999980926514,12076
2016-06-02,7.050000190734863,7.389999866485596,7.050000190734863,7.380000114440918,7.380000114440918,13475
2016-06-03,7.349999904632568,7.489999771118164,7.119999885559082,7.460000038146973,7.460000038146973,4379
2016-06-06,7.300000190734863,7.400000095367432,7.150000095367432,7.269999980926514,7.269999980926514,9092
2016-06-07,7.340000152587891,7.340000152587891,7.199999809265137,7.199999809265137,7.199999809265137,4648
2016-06-08,7.210000038146973,7.340000152587891,7.210000038146973,7.210000038146973,7.210000038146973,1572
2016-06-09,7.21999979019165,7.340000152587891,7.190000057220459,7.340000152587891,7.340000152587891,2517
2016-06-10,7.269999980926514,7.340000152587891,7.139999866485596,7.300000190734863,7.300000190734863,26015
2016-06-13,7.210000038146973,7.210000038146973,7.019999980926514,7.210000038146973,7.210000038146973,29972
2016-06-14,7.139999866485596,7.28000020980835,6.460000038146973,6.559999942779541,6.559999942779541,88927
2016-06-15,6.539999961853027,6.920000076293945,6.420000076293945,6.489999771118164,6.489999771118164,15592
2016-06-16,6.409999847412109,6.550000190734863,6.210000038146973,6.400000095367432,6.400000095367432,5842
2016-06-17,6.485899925231934,6.619999885559082,6.304999828338623,6.360000133514404,6.360000133514404,5028
2016-06-20,6.289999961853027,6.460000038146973,6.119999885559082,6.309999942779541,6.309999942779541,13579
2016-06-21,6.309999942779541,6.440000057220459,6.309999942779541,6.320000171661377,6.320000171661377,4618
2016-06-22,6.349999904632568,6.448999881744385,6.135000228881836,6.235000133514404,6.235000133514404,24364
2016-06-23,6.230000019073486,6.340000152587891,6.170000076293945,6.239999771118164,6.239999771118164,21311
2016-06-24,6.150000095367432,6.460000038146973,5.650100231170654,6.300000190734863,6.300000190734863,46021
2016-06-27,6.300000190734863,6.300000190734863,5.760000228881836,6.0,6.0,27038
2016-06-28,6.0,6.230000019073486,5.860000133514404,5.880000114440918,5.880000114440918,21805
2016-06-29,6.0,6.190000057220459,5.880000114440918,5.960000038146973,5.960000038146973,33044
2016-06-30,6.0,6.0,5.860000133514404,5.900000095367432,5.900000095367432,23213
2016-07-01,5.880000114440918,6.25,5.880000114440918,6.20989990234375,6.20989990234375,10721
2016-07-05,6.179999828338623,6.510000228881836,6.0,6.329999923706055,6.329999923706055,27108
2016-07-06,6.260000228881836,6.949999809265137,6.260000228881836,6.880000114440918,6.880000114440918,15721
2016-07-07,6.71999979019165,7.0,6.71999979019165,7.0,7.0,3951
2016-07-08,7.0,7.309999942779541,7.0,7.150000095367432,7.150000095367432,17762
2016-07-11,7.190000057220459,7.369999885559082,7.190000057220459,7.320000171661377,7.320000171661377,6703
2016-07-12,7.539999961853027,8.270999908447266,7.329999923706055,8.130000114440918,8.130000114440918,50502
2016-07-13,8.010100364685059,8.5600004196167,8.010100364685059,8.130000114440918,8.130000114440918,37123
2016-07-14,8.119999885559082,8.119999885559082,7.560100078582764,7.650000095367432,7.650000095367432,12827
2016-07-15,7.691100120544434,8.069999694824219,7.691100120544434,7.710000038146973,7.710000038146973,13862
2016-07-18,7.708000183105469,7.940000057220459,7.656000137329102,7.739999771118164,7.739999771118164,6823
2016-07-19,7.719900131225586,7.900000095367432,7.600100040435791,7.809999942779541,7.809999942779541,4783
2016-07-20,7.800000190734863,7.96999979019165,7.539999961853027,7.539999961853027,7.539999961853027,9391
2016-07-21,7.559999942779541,7.800000190734863,7.360000133514404,7.360000133514404,7.360000133514404,10201
2016-07-22,7.46999979019165,7.690000057220459,7.349999904632568,7.349999904632568,7.349999904632568,14192
2016-07-25,7.250100135803223,7.429999828338623,7.060100078582764,7.099999904632568,7.099999904632568,19628
2016-07-26,7.199999809265137,7.440000057220459,7.190000057220459,7.389999866485596,7.389999866485596,8302
2016-07-27,7.300000190734863,7.4899001121521,7.25,7.360000133514404,7.360000133514404,5991
2016-07-28,7.300099849700928,7.460000038146973,7.300000190734863,7.460000038146973,7.460000038146973,4604
2016-07-29,7.369999885559082,7.670000076293945,7.369999885559082,7.639999866485596,7.639999866485596,6780
2016-08-01,7.480000019073486,7.71999979019165,7.400000095367432,7.440000057220459,7.440000057220459,3933
2016-08-02,7.36269998550415,7.5,7.130000114440918,7.300000190734863,7.300000190734863,5677
2016-08-03,7.489999771118164,7.5,7.300000190734863,7.360000133514404,7.360000133514404,2992
2016-08-04,7.489999771118164,7.489999771118164,7.409999847412109,7.409999847412109,7.409999847412109,2259
2016-08-05,7.400000095367432,7.559999942779541,7.380000114440918,7.460000038146973,7.460000038146973,17764
2016-08-08,7.265999794006348,7.829999923706055,7.070000171661377,7.559999942779541,7.559999942779541,10160
2016-08-09,7.701000213623047,7.820000171661377,7.699999809265137,7.699999809265137,7.699999809265137,5483
2016-08-10,7.639999866485596,7.639999866485596,7.429999828338623,7.599999904632568,7.599999904632568,8244
2016-08-11,7.670000076293945,7.829999923706055,7.599999904632568,7.829999923706055,7.829999923706055,14139
2016-08-12,7.639999866485596,7.989999771118164,7.599999904632568,7.989999771118164,7.989999771118164,4228
2016-08-15,7.940199851989746,8.5,7.909999847412109,8.380000114440918,8.380000114440918,7582
2016-08-16,8.369999885559082,8.369999885559082,8.09000015258789,8.095000267028809,8.095000267028809,7579
2016-08-17,7.900000095367432,8.109999656677246,7.809999942779541,7.96999979019165,7.96999979019165,2796
2016-08-18,7.710000038146973,7.724999904632568,7.650000095367432,7.650100231170654,7.650100231170654,17847
2016-08-19,7.670000076293945,8.050000190734863,7.650000095367432,8.039999961853027,8.039999961853027,35946
2016-08-22,7.900000095367432,8.149999618530273,7.900000095367432,7.974999904632568,7.974999904632568,4587
2016-08-23,7.900000095367432,8.015999794006348,7.860000133514404,7.860000133514404,7.860000133514404,5867
2016-08-24,7.920000076293945,8.039999961853027,7.909999847412109,7.920000076293945,7.920000076293945,4010
2016-08-25,7.889999866485596,7.889999866485596,7.849999904632568,7.888999938964844,7.888999938964844,9242
2016-08-26,7.880000114440918,8.020000457763672,7.880000114440918,8.020000457763672,8.020000457763672,9913
2016-08-29,8.045000076293945,8.045000076293945,7.889999866485596,7.920000076293945,7.920000076293945,4402
2016-08-30,7.889999866485596,7.960000038146973,7.889999866485596,7.920000076293945,7.920000076293945,1828
2016-08-31,7.920000076293945,7.9770002365112305,7.869999885559082,7.9770002365112305,7.9770002365112305,1814
2016-09-01,7.999899864196777,7.999899864196777,7.890100002288818,7.969900131225586,7.969900131225586,2660
2016-09-02,8.0,8.0,7.889999866485596,8.0,8.0,2223
2016-09-06,8.039999961853027,8.119999885559082,8.0,8.0600004196167,8.0600004196167,28435
2016-09-07,8.0600004196167,8.25,8.010000228881836,8.010100364685059,8.010100364685059,104316
2016-09-08,7.75,8.09000015258789,7.449999809265137,7.840000152587891,7.840000152587891,474396
2016-09-09,7.739999771118164,7.949999809265137,7.550000190734863,7.730000019073486,7.730000019073486,32748
2016-09-12,7.5,8.020000457763672,7.5,7.900000095367432,7.900000095367432,38639
2016-09-13,7.849999904632568,8.0,7.570000171661377,8.0,8.0,25204
2016-09-14,7.96999979019165,8.020000457763672,7.800000190734863,7.96999979019165,7.96999979019165,62888
2016-09-15,7.909999847412109,7.949999809265137,7.849999904632568,7.900000095367432,7.900000095367432,31239
2016-09-16,7.980000019073486,8.0,7.900000095367432,7.989999771118164,7.989999771118164,4782
2016-09-19,7.949999809265137,7.96999979019165,7.860000133514404,7.929999828338623,7.929999828338623,4029
2016-09-20,7.849999904632568,8.029999732971191,7.849999904632568,8.029999732971191,8.029999732971191,33086
2016-09-21,7.930099964141846,8.020000457763672,7.930099964141846,8.020000457763672,8.020000457763672,6642
2016-09-22,8.010000228881836,8.020000457763672,7.949999809265137,8.0,8.0,31995
2016-09-23,8.020000457763672,8.140000343322754,7.739999771118164,7.829999923706055,7.829999923706055,205750
2016-09-26,8.050000190734863,8.210000038146973,7.889999866485596,8.119999885559082,8.119999885559082,169223
2016-09-27,8.149999618530273,8.449999809265137,8.109999656677246,8.149999618530273,8.149999618530273,122003
2016-09-28,8.220000267028809,8.34000015258789,8.16100025177002,8.329999923706055,8.329999923706055,32850
2016-09-29,8.25,8.329999923706055,7.889999866485596,7.949999809265137,7.949999809265137,35512
2016-09-30,8.039999961853027,8.329999923706055,7.78000020980835,8.100000381469727,8.100000381469727,131172
2016-10-03,8.010000228881836,8.329999923706055,7.960000038146973,8.010100364685059,8.010100364685059,61484
2016-10-04,8.0,8.25,7.619999885559082,7.619999885559082,7.619999885559082,51890
2016-10-05,7.659999847412109,8.0,7.619999885559082,7.769999980926514,7.769999980926514,54154
2016-10-06,7.800000190734863,8.3100004196167,7.610000133514404,8.25,8.25,164564
2016-10-07,8.0,8.430000305175781,7.710000038146973,8.130000114440918,8.130000114440918,207984
2016-10-10,8.149999618530273,8.460000038146973,8.149999618530273,8.279999732971191,8.279999732971191,13157
2016-10-11,8.239999771118164,8.399999618530273,8.239999771118164,8.380000114440918,8.380000114440918,4135
2016-10-12,8.3100004196167,8.319999694824219,8.050000190734863,8.300000190734863,8.300000190734863,81316
2016-10-13,8.260000228881836,8.380000114440918,7.949999809265137,8.130000114440918,8.130000114440918,38021
2016-10-14,8.15999984741211,8.319999694824219,8.149999618530273,8.260000228881836,8.260000228881836,22665
2016-10-17,8.199999809265137,8.300000190734863,8.199999809265137,8.300000190734863,8.300000190734863,6835
2016-10-18,8.300000190734863,8.600000381469727,8.300000190734863,8.399999618530273,8.399999618530273,105217
2016-10-19,8.350000381469727,8.350000381469727,8.050000190734863,8.25,8.25,124235
2016-10-20,8.0,8.350000381469727,8.0,8.350000381469727,8.350000381469727,7376
2016-10-21,8.5,8.75,8.399999618530273,8.550000190734863,8.550000190734863,202291
2016-10-24,8.699999809265137,8.699999809265137,8.5,8.5,8.5,92342
2016-10-25,8.550000190734863,8.550000190734863,8.149999618530273,8.5,8.5,72932
2016-10-26,8.399999618530273,8.600000381469727,8.399999618530273,8.550000190734863,8.550000190734863,125074
2016-10-27,8.5,8.600000381469727,8.350000381469727,8.350000381469727,8.350000381469727,44728
2016-10-28,8.350000381469727,8.350000381469727,8.0,8.149999618530273,8.149999618530273,30008
2016-10-31,8.100000381469727,8.25,7.550000190734863,7.599999904632568,7.599999904632568,42716
2016-11-01,7.599999904632568,8.149999618530273,7.550000190734863,7.949999809265137,7.949999809265137,82971
2016-11-02,7.900000095367432,8.100000381469727,7.800000190734863,7.849999904632568,7.849999904632568,11839
2016-11-03,7.800000190734863,7.949999809265137,7.699999809265137,7.699999809265137,7.699999809265137,26144
2016-11-04,7.699999809265137,8.050000190734863,7.550000190734863,7.650000095367432,7.650000095367432,22255
2016-11-07,7.449999809265137,7.800000190734863,7.449999809265137,7.5,7.5,12951
2016-11-08,7.5,7.949999809265137,7.5,7.75,7.75,20454
2016-11-09,7.849999904632568,8.300000190734863,7.75,8.149999618530273,8.149999618530273,91167
2016-11-10,8.199999809265137,8.25,7.75,7.800000190734863,7.800000190734863,30452
2016-11-11,7.849999904632568,8.0,7.599999904632568,7.800000190734863,7.800000190734863,30178
2016-11-14,7.849999904632568,8.5,7.849999904632568,8.399999618530273,8.399999618530273,60564
2016-11-15,8.350000381469727,8.350000381469727,7.800000190734863,7.800000190734863,7.800000190734863,54497
2016-11-16,7.800000190734863,8.199999809265137,7.550000190734863,7.75,7.75,46455
2016-11-17,7.75,7.800000190734863,7.650000095367432,7.650000095367432,7.650000095367432,22304
2016-11-18,7.699999809265137,8.25,7.349999904632568,8.25,8.25,56664
2016-11-21,8.100000381469727,8.25,8.050000190734863,8.100000381469727,8.100000381469727,7872
2016-11-22,8.100000381469727,8.199999809265137,7.849999904632568,7.900000095367432,7.900000095367432,8043
2016-11-23,7.900000095367432,8.25,7.900000095367432,8.149999618530273,8.149999618530273,8332
2016-11-25,8.25,8.399999618530273,8.199999809265137,8.199999809265137,8.199999809265137,4635
2016-11-28,8.149999618530273,8.149999618530273,7.75,7.75,7.75,5576
2016-11-29,7.800000190734863,8.399999618530273,7.650000095367432,8.050000190734863,8.050000190734863,31558
2016-11-30,8.0,8.0,7.800000190734863,7.800000190734863,7.800000190734863,10839
2016-12-01,7.900000095367432,8.0,7.599999904632568,7.949999809265137,7.949999809265137,33318
2016-12-02,7.800000190734863,8.149999618530273,7.800000190734863,7.800000190734863,7.800000190734863,58459
2016-12-05,7.849999904632568,7.949999809265137,7.699999809265137,7.900000095367432,7.900000095367432,6474
2016-12-06,7.849999904632568,7.949999809265137,7.599999904632568,7.900000095367432,7.900000095367432,16718
2016-12-07,7.949999809265137,7.949999809265137,7.849999904632568,7.900000095367432,7.900000095367432,5008
2016-12-08,7.849999904632568,7.900000095367432,7.75,7.800000190734863,7.800000190734863,14023
2016-12-09,7.800000190734863,8.08080005645752,7.800000190734863,8.0,8.0,19819
2016-12-12,8.0,8.0,7.75,7.800000190734863,7.800000190734863,9802
2016-12-13,7.75,7.900000095367432,7.699999809265137,7.75,7.75,11547
2016-12-14,7.75,7.949999809265137,7.699999809265137,7.849999904632568,7.849999904632568,20338
2016-12-15,7.900000095367432,8.25,7.800000190734863,8.199999809265137,8.199999809265137,169325
2016-12-16,8.199999809265137,8.25,8.149999618530273,8.199999809265137,8.199999809265137,1854
2016-12-19,8.199999809265137,8.25,8.149999618530273,8.199999809265137,8.199999809265137,6594
2016-12-20,8.149999618530273,8.300000190734863,8.100000381469727,8.100000381469727,8.100000381469727,7302
2016-12-21,8.25,8.300000190734863,8.100000381469727,8.300000190734863,8.300000190734863,52049
2016-12-22,8.25,8.25,8.0,8.0,8.0,9027
2016-12-23,8.0,8.25,7.9394001960754395,8.25,8.25,13334
2016-12-27,8.199999809265137,8.25,8.149999618530273,8.25,8.25,47396
2016-12-28,8.199999809265137,8.199999809265137,7.599999904632568,7.699999809265137,7.699999809265137,74700
2016-12-29,7.699999809265137,7.849999904632568,7.599999904632568,7.800000190734863,7.800000190734863,34840
2016-12-30,7.828400135040283,7.849999904632568,7.5,7.699999809265137,7.699999809265137,89250
2017-01-03,7.75,7.900000095367432,7.737299919128418,7.849999904632568,7.849999904632568,32828
2017-01-04,7.849999904632568,8.25,7.849999904632568,7.949999809265137,7.949999809265137,219494
2017-01-05,8.0,8.0,7.75,7.75,7.75,27636
2017-01-06,7.75,8.300000190734863,7.699999809265137,8.100000381469727,8.100000381469727,429686
2017-01-09,8.199999809265137,8.550000190734863,8.199999809265137,8.449999809265137,8.449999809265137,86257
2017-01-10,8.383700370788574,8.5,8.350000381469727,8.449999809265137,8.449999809265137,23292
2017-01-11,8.399999618530273,8.5,8.199999809265137,8.300000190734863,8.300000190734863,31290
2017-01-12,8.25,8.300000190734863,8.149999618530273,8.25,8.25,27448
2017-01-13,8.5,8.5,8.199999809265137,8.350000381469727,8.350000381469727,20856
2017-01-17,8.300000190734863,8.300000190734863,8.050000190734863,8.199999809265137,8.199999809265137,20888
2017-01-18,8.199999809265137,8.399999618530273,8.100000381469727,8.399999618530273,8.399999618530273,42920
2017-01-19,8.350000381469727,8.350000381469727,8.25,8.300000190734863,8.300000190734863,43523
2017-01-20,8.350000381469727,8.350000381469727,8.199999809265137,8.199999809265137,8.199999809265137,24776
2017-01-23,8.149999618530273,8.25,8.0,8.149999618530273,8.149999618530273,53193
2017-01-24,8.100000381469727,8.149999618530273,7.938000202178955,8.050000190734863,8.050000190734863,18283
2017-01-25,8.050000190734863,8.300000190734863,8.0,8.300000190734863,8.300000190734863,100452
2017-01-26,8.300000190734863,8.350000381469727,8.149999618530273,8.199999809265137,8.199999809265137,13943
2017-01-27,8.149999618530273,8.350000381469727,8.050000190734863,8.149999618530273,8.149999618530273,20390
2017-01-30,8.100000381469727,8.100000381469727,8.0,8.050000190734863,8.050000190734863,9447
2017-01-31,8.0,8.199999809265137,8.0,8.199999809265137,8.199999809265137,27542
2017-02-01,8.149999618530273,8.199999809265137,7.974999904632568,8.100000381469727,8.100000381469727,68735
2017-02-02,8.149999618530273,8.199999809265137,7.949999809265137,8.100000381469727,8.100000381469727,54235
2017-02-03,8.100000381469727,8.199999809265137,7.949999809265137,8.199999809265137,8.199999809265137,50324
2017-02-06,8.25,8.324999809265137,8.050000190734863,8.300000190734863,8.300000190734863,66643
2017-02-07,8.25,8.25,8.050000190734863,8.149999618530273,8.149999618530273,25449
2017-02-08,8.149999618530273,8.199999809265137,7.849999904632568,8.199999809265137,8.199999809265137,29005
2017-02-09,8.149999618530273,8.149999618530273,8.0,8.024999618530273,8.024999618530273,58968
2017-02-10,8.0,8.100000381469727,7.949999809265137,8.100000381469727,8.100000381469727,51927
2017-02-13,8.050000190734863,8.300000190734863,8.050000190734863,8.199999809265137,8.199999809265137,216552
2017-02-14,8.149999618530273,8.300000190734863,8.100000381469727,8.25,8.25,94075
2017-02-15,8.199999809265137,8.399999618530273,8.199999809265137,8.300000190734863,8.300000190734863,93180
2017-02-16,8.300000190734863,8.300000190734863,8.050000190734863,8.149999618530273,8.149999618530273,38847
2017-02-17,8.199999809265137,8.300000190734863,8.145000457763672,8.300000190734863,8.300000190734863,55958
2017-02-21,8.300000190734863,8.350000381469727,8.25,8.25,8.25,120251
2017-02-22,8.25,8.350000381469727,8.199999809265137,8.199999809265137,8.199999809265137,89889
2017-02-23,8.199999809265137,8.25,7.900000095367432,7.949999809265137,7.949999809265137,124199
2017-02-24,7.949999809265137,7.949999809265137,7.699999809265137,7.75,7.75,33064
2017-02-27,7.800000190734863,8.100000381469727,7.800000190734863,8.0,8.0,54113
2017-02-28,8.050000190734863,8.100000381469727,8.0,8.050000190734863,8.050000190734863,27373
2017-03-01,8.050000190734863,8.149999618530273,7.949999809265137,8.100000381469727,8.100000381469727,57024
2017-03-02,8.149999618530273,8.25,8.050000190734863,8.149999618530273,8.149999618530273,65061
2017-03-03,8.100000381469727,8.949999809265137,8.100000381469727,8.600000381469727,8.600000381469727,247403
2017-03-06,8.600000381469727,8.800000190734863,8.100000381469727,8.199999809265137,8.199999809265137,139993
2017-03-07,8.199999809265137,8.550000190734863,8.185500144958496,8.399999618530273,8.399999618530273,110625
2017-03-08,8.399999618530273,8.550000190734863,8.300000190734863,8.350000381469727,8.350000381469727,87809
2017-03-09,8.100000381469727,8.449999809265137,7.870699882507324,8.399999618530273,8.399999618530273,111828
2017-03-10,8.399999618530273,8.399999618530273,8.199999809265137,8.350000381469727,8.350000381469727,78388
2017-03-13,8.449999809265137,8.649999618530273,8.350000381469727,8.399999618530273,8.399999618530273,242777
2017-03-14,8.449999809265137,8.5,8.055000305175781,8.300000190734863,8.300000190734863,114374
2017-03-15,8.399999618530273,8.399999618530273,8.149999618530273,8.149999618530273,8.149999618530273,53052
2017-03-16,8.149999618530273,8.199999809265137,8.0,8.199999809265137,8.199999809265137,46282
2017-03-17,8.100000381469727,8.300000190734863,8.0,8.100000381469727,8.100000381469727,56169
2017-03-20,8.100000381469727,8.300000190734863,8.100000381469727,8.25,8.25,55981
2017-03-21,8.300000190734863,8.449999809265137,8.199999809265137,8.399999618530273,8.399999618530273,69490
2017-03-22,8.350000381469727,9.350000381469727,8.300000190734863,9.350000381469727,9.350000381469727,449303
2017-03-23,9.25,9.949999809265137,9.199999809265137,9.850000381469727,9.850000381469727,321845
2017-03-24,4.900000095367432,5.0,4.300000190734863,4.650000095367432,4.650000095367432,3269690
2017-03-27,4.849999904632568,4.849999904632568,4.400000095367432,4.550000190734863,4.550000190734863,508393
2017-03-28,4.449999809265137,4.550000190734863,4.349999904632568,4.349999904632568,4.349999904632568,266117
2017-03-29,4.349999904632568,4.400000095367432,4.099999904632568,4.099999904632568,4.099999904632568,200098
2017-03-30,4.150000095367432,4.150000095367432,3.950000047683716,3.950000047683716,3.950000047683716,247540
2017-03-31,4.0,4.150000095367432,3.950000047683716,4.0,4.0,245137
2017-04-03,4.050000190734863,4.449999809265137,4.050000190734863,4.25,4.25,266234
2017-04-04,4.300000190734863,4.300000190734863,4.0,4.150000095367432,4.150000095367432,182050
2017-04-05,4.199999809265137,4.25,3.9000000953674316,3.9000000953674316,3.9000000953674316,197258
2017-04-06,3.9000000953674316,3.950000047683716,3.8499999046325684,3.8499999046325684,3.8499999046325684,86817
2017-04-07,3.9000000953674316,3.9000000953674316,3.6500000953674316,3.8499999046325684,3.8499999046325684,162735
2017-04-10,3.9000000953674316,3.939199924468994,3.799999952316284,3.8499999046325684,3.8499999046325684,25644
2017-04-11,3.8550000190734863,3.875999927520752,3.799999952316284,3.8499999046325684,3.8499999046325684,66751
2017-04-12,3.8499999046325684,3.8499999046325684,3.75,3.8499999046325684,3.8499999046325684,53768
2017-04-13,3.8239998817443848,3.950000047683716,3.75,3.9000000953674316,3.9000000953674316,56114
2017-04-17,3.8499999046325684,3.950000047683716,3.8499999046325684,3.9000000953674316,3.9000000953674316,34650
2017-04-18,3.8499999046325684,3.8499999046325684,3.75,3.8499999046325684,3.8499999046325684,25893
2017-04-19,3.8499999046325684,3.9000000953674316,3.8499999046325684,3.8499999046325684,3.8499999046325684,15803
2017-04-20,3.8499999046325684,3.8499999046325684,3.75,3.8499999046325684,3.8499999046325684,21759
2017-04-21,3.75,3.799999952316284,3.700000047683716,3.75,3.75,34570
2017-04-24,3.799999952316284,3.799999952316284,3.700000047683716,3.700000047683716,3.700000047683716,63090
2017-04-25,3.75,3.950000047683716,3.700000047683716,3.9000000953674316,3.9000000953674316,59583
2017-04-26,4.0,4.099999904632568,3.9000000953674316,4.0,4.0,50143
2017-04-27,4.050000190734863,4.244999885559082,3.950000047683716,4.099999904632568,4.099999904632568,56876
2017-04-28,4.150000095367432,4.150000095367432,3.9000000953674316,3.950000047683716,3.950000047683716,36272
2017-05-01,4.0,4.0,3.8499999046325684,4.0,4.0,88333
2017-05-02,4.0,4.050000190734863,3.9000000953674316,4.0,4.0,64120
2017-05-03,4.0,4.050000190734863,3.9000000953674316,4.050000190734863,4.050000190734863,90786
2017-05-04,4.050000190734863,4.199999809265137,4.050000190734863,4.199999809265137,4.199999809265137,88810
2017-05-05,4.199999809265137,4.199999809265137,4.105000019073486,4.199999809265137,4.199999809265137,228048
2017-05-08,4.199999809265137,4.349999904632568,4.150000095367432,4.25,4.25,172549
2017-05-09,4.25,4.300000190734863,4.150000095367432,4.150000095367432,4.150000095367432,76058
2017-05-10,4.199999809265137,4.25,4.099999904632568,4.150000095367432,4.150000095367432,102676
2017-05-11,4.150000095367432,4.199999809265137,4.099999904632568,4.175000190734863,4.175000190734863,37404
2017-05-12,4.150000095367432,4.199999809265137,4.099999904632568,4.199999809265137,4.199999809265137,19477
2017-05-15,4.150000095367432,4.199999809265137,4.150000095367432,4.150000095367432,4.150000095367432,79597
2017-05-16,4.150000095367432,4.199999809265137,3.950000047683716,4.050000190734863,4.050000190734863,124211
2017-05-17,4.050000190734863,4.150000095367432,4.0,4.0,4.0,63213
2017-05-18,4.050000190734863,4.099999904632568,3.9714999198913574,4.050000190734863,4.050000190734863,37330
2017-05-19,4.050000190734863,4.150000095367432,4.0,4.0,4.0,20197
2017-05-22,4.005000114440918,4.025000095367432,3.950000047683716,4.0,4.0,20532
2017-05-23,4.050000190734863,4.099999904632568,4.0,4.050000190734863,4.050000190734863,12770
2017-05-24,4.050000190734863,4.050000190734863,3.950000047683716,3.950000047683716,3.950000047683716,21381
2017-05-25,3.950000047683716,4.0,3.9000000953674316,3.950000047683716,3.950000047683716,9752
2017-05-26,3.989000082015991,4.0,3.9000000953674316,4.0,4.0,9150
2017-05-30,4.0,4.0,3.700000047683716,3.75,3.75,80303
2017-05-31,3.75,3.75,3.6500000953674316,3.6500000953674316,3.6500000953674316,40209
2017-06-01,3.75,4.0,3.700000047683716,3.8499999046325684,3.8499999046325684,37507
2017-06-02,3.8499999046325684,3.8499999046325684,3.700000047683716,3.700000047683716,3.700000047683716,64158
2017-06-05,3.75,3.9000000953674316,3.700000047683716,3.8949999809265137,3.8949999809265137,16695
2017-06-06,3.8499999046325684,3.9000000953674316,3.700000047683716,3.8499999046325684,3.8499999046325684,208530
2017-06-07,3.799999952316284,4.050000190734863,3.799999952316284,4.0,4.0,293835
2017-06-08,3.8071999549865723,4.0,3.8071999549865723,3.950000047683716,3.950000047683716,38597
2017-06-09,4.0,4.099999904632568,4.0,4.0,4.0,61614
2017-06-12,3.950000047683716,4.0,3.8499999046325684,3.8499999046325684,3.8499999046325684,65837
2017-06-13,3.8499999046325684,4.0,3.8264999389648438,3.950000047683716,3.950000047683716,39308
2017-06-14,3.950000047683716,4.0,3.8550000190734863,3.950000047683716,3.950000047683716,36983
2017-06-15,3.8499999046325684,3.950000047683716,3.75,3.8499999046325684,3.8499999046325684,35493
2017-06-16,3.799999952316284,4.0,3.799999952316284,4.0,4.0,31173
2017-06-19,3.950000047683716,4.0,3.8499999046325684,3.8499999046325684,3.8499999046325684,34236
2017-06-20,3.799999952316284,3.9509999752044678,3.799999952316284,3.950000047683716,3.950000047683716,8667
2017-06-21,3.8499999046325684,4.050000190734863,3.8499999046325684,4.0,4.0,46815
2017-06-22,4.050000190734863,4.099999904632568,4.0,4.050000190734863,4.050000190734863,59250
2017-06-23,4.0,4.199999809265137,3.9616000652313232,4.099999904632568,4.099999904632568,89958
2017-06-26,4.199999809265137,4.199999809265137,3.799999952316284,3.799999952316284,3.799999952316284,100922
2017-06-27,3.299999952316284,3.4000000953674316,2.950000047683716,3.0,3.0,923996
2017-06-28,2.8499999046325684,3.25,2.8499999046325684,3.0999999046325684,3.0999999046325684,245043
2017-06-29,3.1500000953674316,3.25,3.1500000953674316,3.1500000953674316,3.1500000953674316,82386
2017-06-30,3.1500000953674316,3.200000047683716,3.1500000953674316,3.1500000953674316,3.1500000953674316,116064
2017-07-03,3.17549991607666,3.25,3.1500000953674316,3.200000047683716,3.200000047683716,30565
2017-07-05,3.0999999046325684,3.299999952316284,3.0999999046325684,3.25,3.25,54973
2017-07-06,3.25,3.299999952316284,3.25,3.25,3.25,55711
2017-07-07,3.25,3.4000000953674316,3.25,3.299999952316284,3.299999952316284,82251
2017-07-10,3.299999952316284,3.3499999046325684,3.25,3.299999952316284,3.299999952316284,19427
2017-07-11,3.25,3.4000000953674316,3.25,3.3499999046325684,3.3499999046325684,47376
2017-07-12,3.299999952316284,3.4000000953674316,3.25,3.299999952316284,3.299999952316284,30836
2017-07-13,3.25,3.375,3.25,3.25,3.25,41562
2017-07-14,3.299999952316284,3.5,3.299999952316284,3.4000000953674316,3.4000000953674316,131021
2017-07-17,3.3499999046325684,3.5,3.3499999046325684,3.4000000953674316,3.4000000953674316,43061
2017-07-18,3.4000000953674316,3.5,3.25,3.4749999046325684,3.4749999046325684,59383
2017-07-19,3.5,3.5,3.3499999046325684,3.4000000953674316,3.4000000953674316,30476
2017-07-20,3.359999895095825,3.4000000953674316,3.299999952316284,3.299999952316284,3.299999952316284,6514
2017-07-21,3.3499999046325684,3.4049999713897705,3.25,3.3499999046325684,3.3499999046325684,12434
2017-07-24,3.4000000953674316,3.5,3.299999952316284,3.3499999046325684,3.3499999046325684,82712
2017-07-25,3.3499999046325684,3.4000000953674316,3.299999952316284,3.299999952316284,3.299999952316284,13497
2017-07-26,3.3894999027252197,3.4000000953674316,3.299999952316284,3.3499999046325684,3.3499999046325684,19025
2017-07-27,3.3499999046325684,3.3499999046325684,3.1500000953674316,3.200000047683716,3.200000047683716,32702
2017-07-28,3.200000047683716,3.200000047683716,3.049999952316284,3.0999999046325684,3.0999999046325684,22370
2017-07-31,3.0536999702453613,3.1500000953674316,3.015000104904175,3.0999999046325684,3.0999999046325684,10357
2017-08-01,3.1500000953674316,3.200000047683716,3.0999999046325684,3.200000047683716,3.200000047683716,21353
2017-08-02,3.25,3.25,3.0999999046325684,3.1500000953674316,3.1500000953674316,25461
2017-08-03,3.1500000953674316,3.200000047683716,3.1500000953674316,3.200000047683716,3.200000047683716,19505
2017-08-04,3.0,3.0999999046325684,3.0,3.0,3.0,30346
2017-08-07,3.200000047683716,3.2002999782562256,2.950000047683716,3.049999952316284,3.049999952316284,33443
2017-08-08,3.049999952316284,3.049999952316284,2.9000000953674316,2.9000000953674316,2.9000000953674316,32860
2017-08-09,2.9000000953674316,2.950000047683716,2.700000047683716,2.75,2.75,83683
2017-08-10,2.9000000953674316,2.924999952316284,2.700000047683716,2.75,2.75,56783
2017-08-11,2.8499999046325684,2.8499999046325684,2.700000047683716,2.700000047683716,2.700000047683716,30264
2017-08-14,2.6500000953674316,2.8499999046325684,2.450000047683716,2.5,2.5,240009
2017-08-15,2.5999999046325684,2.5999999046325684,2.25,2.450000047683716,2.450000047683716,162521
2017-08-16,2.5,2.6500000953674316,2.450000047683716,2.6500000953674316,2.6500000953674316,132571
2017-08-17,2.5899999141693115,2.799999952316284,2.5871999263763428,2.799999952316284,2.799999952316284,56147
2017-08-18,2.75,3.049999952316284,2.450000047683716,2.950000047683716,2.950000047683716,66700
2017-08-21,2.950000047683716,3.0999999046325684,2.7300000190734863,3.049999952316284,3.049999952316284,25949
2017-08-22,3.049999952316284,3.200000047683716,3.0,3.0999999046325684,3.0999999046325684,35008
2017-08-23,3.049999952316284,3.200000047683716,3.036099910736084,3.0999999046325684,3.0999999046325684,20595
2017-08-24,3.1500000953674316,3.25,3.0999999046325684,3.25,3.25,48518
2017-08-25,3.25,3.25,3.049999952316284,3.1500000953674316,3.1500000953674316,58731
2017-08-28,3.1500000953674316,3.25,3.1500000953674316,3.174999952316284,3.174999952316284,32685
2017-08-29,3.200000047683716,3.200000047683716,3.055000066757202,3.125,3.125,8959
2017-08-30,3.0999999046325684,3.25,3.09660005569458,3.25,3.25,25050
2017-08-31,3.25,3.25,3.049999952316284,3.1500000953674316,3.1500000953674316,39411
2017-09-01,3.1500000953674316,3.200000047683716,3.049999952316284,3.200000047683716,3.200000047683716,23450
2017-09-05,3.25,3.25,3.0999999046325684,3.200000047683716,3.200000047683716,8403
2017-09-06,3.1500000953674316,3.200000047683716,2.9000000953674316,2.9000000953674316,2.9000000953674316,45856
2017-09-07,3.0,3.0999999046325684,2.950000047683716,3.0,3.0,14468
2017-09-08,3.049999952316284,3.049999952316284,2.950000047683716,3.049999952316284,3.049999952316284,14999
2017-09-11,3.0,3.25,3.0,3.1500000953674316,3.1500000953674316,181029
2017-09-12,3.1500000953674316,3.200000047683716,3.0999999046325684,3.1500000953674316,3.1500000953674316,11685
2017-09-13,3.1500000953674316,3.25,3.1500000953674316,3.2249999046325684,3.2249999046325684,27747
2017-09-14,3.200000047683716,3.2049999237060547,3.0999999046325684,3.0999999046325684,3.0999999046325684,28466
2017-09-15,3.0999999046325684,3.200000047683716,3.0999999046325684,3.1500000953674316,3.1500000953674316,9512
2017-09-18,3.1500000953674316,3.1500000953674316,3.0,3.049999952316284,3.049999952316284,7353
2017-09-19,3.0339999198913574,3.0339999198913574,2.9000000953674316,2.950000047683716,2.950000047683716,21596
2017-09-20,2.950000047683716,3.0,2.9000000953674316,2.9000000953674316,2.9000000953674316,18986
2017-09-21,3.0,3.0,2.9000000953674316,2.9000000953674316,2.9000000953674316,27036
2017-09-22,2.950000047683716,3.0,2.9000000953674316,2.9000000953674316,2.9000000953674316,51904
2017-09-25,2.9000000953674316,2.950000047683716,2.9000000953674316,2.924999952316284,2.924999952316284,16624
2017-09-26,2.950000047683716,3.0,2.9000000953674316,2.950000047683716,2.950000047683716,29241
2017-09-27,2.950000047683716,3.0,2.9000000953674316,3.0,3.0,43313
2017-09-28,2.950000047683716,2.950000047683716,2.9000000953674316,2.9000000953674316,2.9000000953674316,20027
2017-09-29,2.9000000953674316,2.950000047683716,2.9000000953674316,2.950000047683716,2.950000047683716,10931
2017-10-02,2.950000047683716,2.950000047683716,2.9000000953674316,2.950000047683716,2.950000047683716,37013
2017-10-03,2.950000047683716,2.950000047683716,2.799999952316284,2.8499999046325684,2.8499999046325684,34943
2017-10-04,2.805000066757202,2.950000047683716,2.799999952316284,2.924999952316284,2.924999952316284,16619
2017-10-05,2.944999933242798,3.200000047683716,2.935499906539917,2.950000047683716,2.950000047683716,86510
2017-10-06,3.0299999713897705,3.0950000286102295,2.950000047683716,3.0,3.0,51045
2017-10-09,3.1500000953674316,3.1500000953674316,3.0999999046325684,3.1500000953674316,3.1500000953674316,12355
2017-10-10,3.1500000953674316,3.200000047683716,3.0,3.0999999046325684,3.0999999046325684,17858
2017-10-11,3.0999999046325684,3.0999999046325684,3.067500114440918,3.0999999046325684,3.0999999046325684,7654
2017-10-12,3.0999999046325684,3.200000047683716,3.049999952316284,3.125,3.125,36682
2017-10-13,3.0999999046325684,3.200000047683716,3.0999999046325684,3.125,3.125,30590
2017-10-16,3.0999999046325684,3.25,3.049999952316284,3.125,3.125,116894
2017-10-17,3.0999999046325684,3.3499999046325684,3.0999999046325684,3.200000047683716,3.200000047683716,142321
2017-10-18,3.25,3.5,3.25,3.25,3.25,171193
2017-10-19,3.25,3.3499999046325684,3.200000047683716,3.200000047683716,3.200000047683716,44314
2017-10-20,3.2049999237060547,3.299999952316284,3.200000047683716,3.25,3.25,10539
2017-10-23,3.299999952316284,3.299999952316284,3.0999999046325684,3.0999999046325684,3.0999999046325684,28743
2017-10-24,3.1500000953674316,3.200000047683716,3.0999999046325684,3.0999999046325684,3.0999999046325684,29585
2017-10-25,3.0999999046325684,3.125,2.950000047683716,2.950000047683716,2.950000047683716,45490
2017-10-26,2.950000047683716,3.0999999046325684,2.9000000953674316,3.0,3.0,12372
2017-10-27,3.0,3.0999999046325684,2.9000000953674316,2.9000000953674316,2.9000000953674316,83617
2017-10-30,2.950000047683716,3.0999999046325684,2.9000000953674316,3.0999999046325684,3.0999999046325684,30052
2017-10-31,3.0999999046325684,3.1500000953674316,3.049999952316284,3.0999999046325684,3.0999999046325684,5537
2017-11-01,3.25,3.25,3.0999999046325684,3.0999999046325684,3.0999999046325684,31436
2017-11-02,3.049999952316284,3.0999999046325684,3.0,3.0620999336242676,3.0620999336242676,19298
2017-11-03,3.0,3.1500000953674316,3.0,3.125,3.125,13115
2017-11-06,3.115499973297119,3.200000047683716,3.0999999046325684,3.1500000953674316,3.1500000953674316,17835
2017-11-07,3.200000047683716,3.2249999046325684,3.125,3.1500000953674316,3.1500000953674316,15188
2017-11-08,3.1500000953674316,3.1654999256134033,2.5999999046325684,2.5999999046325684,2.5999999046325684,324437
2017-11-09,2.6500000953674316,2.6500000953674316,2.3499999046325684,2.450000047683716,2.450000047683716,145352
2017-11-10,2.5,2.5,2.3499999046325684,2.450000047683716,2.450000047683716,113023
2017-11-13,2.4000000953674316,2.450000047683716,2.299999952316284,2.325000047683716,2.325000047683716,118357
2017-11-14,2.3499999046325684,2.4000000953674316,2.200000047683716,2.200000047683716,2.200000047683716,130199
2017-11-15,2.299999952316284,2.299999952316284,2.200000047683716,2.200000047683716,2.200000047683716,151727
2017-11-16,2.25,2.25,2.0999999046325684,2.200000047683716,2.200000047683716,204883
2017-11-17,2.200000047683716,2.5999999046325684,2.1500000953674316,2.4000000953674316,2.4000000953674316,521456
2017-11-20,2.4000000953674316,2.424999952316284,2.299999952316284,2.375,2.375,140013
2017-11-21,2.450000047683716,2.450000047683716,2.3499999046325684,2.3499999046325684,2.3499999046325684,30569
2017-11-22,2.4000000953674316,2.4000000953674316,2.299999952316284,2.325000047683716,2.325000047683716,74284
2017-11-24,2.3499999046325684,2.4000000953674316,2.299999952316284,2.299999952316284,2.299999952316284,19632
2017-11-27,2.3499999046325684,2.3499999046325684,2.200000047683716,2.325000047683716,2.325000047683716,102734
2017-11-28,2.3499999046325684,2.3499999046325684,2.299999952316284,2.3499999046325684,2.3499999046325684,19914
2017-11-29,2.299999952316284,2.3499999046325684,2.299999952316284,2.299999952316284,2.299999952316284,30465
2017-11-30,2.3438000679016113,2.450000047683716,2.299999952316284,2.450000047683716,2.450000047683716,58999
2017-12-01,2.450000047683716,2.5,2.299999952316284,2.299999952316284,2.299999952316284,77917
2017-12-04,2.299999952316284,2.4000000953674316,2.299999952316284,2.3499999046325684,2.3499999046325684,44884
2017-12-05,2.4000000953674316,2.4827001094818115,2.3499999046325684,2.4000000953674316,2.4000000953674316,29195
2017-12-06,2.3499999046325684,2.4000000953674316,2.3499999046325684,2.4000000953674316,2.4000000953674316,19377
2017-12-07,2.3499999046325684,2.450000047683716,2.3499999046325684,2.3499999046325684,2.3499999046325684,21466
2017-12-08,2.3499999046325684,2.6449999809265137,2.3499999046325684,2.450000047683716,2.450000047683716,181571
2017-12-11,2.450000047683716,2.549999952316284,2.450000047683716,2.5,2.5,28116
2017-12-12,2.5,2.5,2.4000000953674316,2.450000047683716,2.450000047683716,32755
2017-12-13,2.450000047683716,2.549999952316284,2.424999952316284,2.549999952316284,2.549999952316284,25025
2017-12-14,2.5,2.5,2.4000000953674316,2.4000000953674316,2.4000000953674316,56088
2017-12-15,2.4049999713897705,2.5,2.3596999645233154,2.450000047683716,2.450000047683716,109243
2017-12-18,2.4049999713897705,2.5,2.4000000953674316,2.5,2.5,56525
2017-12-19,2.4000000953674316,2.450000047683716,2.4000000953674316,2.450000047683716,2.450000047683716,12115
2017-12-20,2.4000000953674316,2.5,2.4000000953674316,2.5,2.5,308027
2017-12-21,2.549999952316284,2.549999952316284,2.5,2.549999952316284,2.549999952316284,146071
2017-12-22,2.5,2.549999952316284,2.450000047683716,2.5,2.5,135647
2017-12-26,2.5,2.9000000953674316,2.5,2.9000000953674316,2.9000000953674316,278203
2017-12-27,2.75,2.8499999046325684,2.75,2.8499999046325684,2.8499999046325684,134698
2017-12-28,2.799999952316284,2.9000000953674316,2.799999952316284,2.799999952316284,2.799999952316284,91234
2017-12-29,2.799999952316284,2.8499999046325684,2.799999952316284,2.825000047683716,2.825000047683716,36797
2018-01-02,2.799999952316284,2.9000000953674316,2.799999952316284,2.875,2.875,70045
2018-01-03,2.9000000953674316,2.950000047683716,2.8499999046325684,2.950000047683716,2.950000047683716,74054
2018-01-04,2.950000047683716,3.0,2.950000047683716,3.0,3.0,55135
2018-01-05,3.0,3.049999952316284,2.9000000953674316,2.924999952316284,2.924999952316284,32461
2018-01-08,2.8499999046325684,2.950000047683716,2.8499999046325684,2.9000000953674316,2.9000000953674316,28270
2018-01-09,2.8499999046325684,2.9000000953674316,2.799999952316284,2.8499999046325684,2.8499999046325684,19828
2018-01-10,2.799999952316284,2.9000000953674316,2.799999952316284,2.8499999046325684,2.8499999046325684,15084
2018-01-11,2.9000000953674316,2.9000000953674316,2.827399969100952,2.9000000953674316,2.9000000953674316,9735
2018-01-12,2.950000047683716,2.950000047683716,2.8499999046325684,2.9000000953674316,2.9000000953674316,12086
2018-01-16,2.799999952316284,2.9000000953674316,2.700000047683716,2.700000047683716,2.700000047683716,84263
2018-01-17,2.8499999046325684,2.8499999046325684,2.700000047683716,2.799999952316284,2.799999952316284,14241
2018-01-18,2.8499999046325684,2.8499999046325684,2.700000047683716,2.799999952316284,2.799999952316284,25038
2018-01-19,2.8399999141693115,2.9000000953674316,2.7688000202178955,2.799999952316284,2.799999952316284,29920
2018-01-22,2.799999952316284,2.950000047683716,2.799999952316284,2.950000047683716,2.950000047683716,26655
2018-01-23,2.950000047683716,2.950000047683716,2.9000000953674316,2.950000047683716,2.950000047683716,29567
2018-01-24,2.950000047683716,3.049999952316284,2.950000047683716,3.0,3.0,95510
2018-01-25,3.0,3.049999952316284,2.950000047683716,3.0250000953674316,3.0250000953674316,19810
2018-01-26,3.0,3.3499999046325684,3.0,3.3499999046325684,3.3499999046325684,103237
2018-01-29,3.4000000953674316,3.4000000953674316,3.1500000953674316,3.1500000953674316,3.1500000953674316,44319
2018-01-30,3.1438000202178955,3.1500000953674316,3.049999952316284,3.0999999046325684,3.0999999046325684,58811
2018-01-31,3.1500000953674316,3.200000047683716,3.1112000942230225,3.200000047683716,3.200000047683716,86431
2018-02-01,3.25,3.299999952316284,3.1500000953674316,3.200000047683716,3.200000047683716,11068
2018-02-02,3.1500000953674316,3.25,3.0999999046325684,3.25,3.25,42579
2018-02-05,3.200000047683716,3.4000000953674316,3.049999952316284,3.299999952316284,3.299999952316284,98631
2018-02-06,3.299999952316284,3.3499999046325684,3.299999952316284,3.3499999046325684,3.3499999046325684,21783
2018-02-07,3.299999952316284,3.4000000953674316,3.25,3.375,3.375,50689
2018-02-08,3.4000000953674316,3.700000047683716,3.0,3.0,3.0,219961
2018-02-09,3.143899917602539,3.5,3.0999999046325684,3.5,3.5,94319
2018-02-12,3.5999999046325684,3.8499999046325684,3.5999999046325684,3.75,3.75,158468
2018-02-13,3.8499999046325684,3.8499999046325684,3.549999952316284,3.549999952316284,3.549999952316284,87486
2018-02-14,3.549999952316284,3.75,3.549999952316284,3.700000047683716,3.700000047683716,16787
2018-02-15,3.700000047683716,3.700000047683716,3.5999999046325684,3.625,3.625,15925
2018-02-16,3.6500000953674316,3.6500000953674316,3.549999952316284,3.5999999046325684,3.5999999046325684,32912
2018-02-20,3.549999952316284,3.7339000701904297,3.549999952316284,3.7249999046325684,3.7249999046325684,38606
2018-02-21,3.75,3.799999952316284,3.700000047683716,3.700000047683716,3.700000047683716,46220
2018-02-22,3.674999952316284,3.75,3.609999895095825,3.744999885559082,3.744999885559082,25851
2018-02-23,3.75,3.799999952316284,3.6500000953674316,3.700000047683716,3.700000047683716,29929
2018-02-26,3.700000047683716,3.75,3.700000047683716,3.75,3.75,8855
2018-02-27,3.75,3.75,3.5999999046325684,3.6500000953674316,3.6500000953674316,49340
2018-02-28,3.700000047683716,3.755000114440918,3.6500000953674316,3.75,3.75,70333
2018-03-01,3.75,4.449999809265137,3.7060999870300293,4.400000095367432,4.400000095367432,250192
2018-03-02,4.400000095367432,4.400000095367432,4.099999904632568,4.400000095367432,4.400000095367432,134926
2018-03-05,4.400000095367432,4.400000095367432,3.8550000190734863,3.9749999046325684,3.9749999046325684,95794
2018-03-06,4.150000095367432,4.25,3.9000000953674316,4.050000190734863,4.050000190734863,76236
2018-03-07,4.0,4.449999809265137,4.0,4.300000190734863,4.300000190734863,78009
2018-03-08,4.300000190734863,4.650000095367432,4.300000190734863,4.300000190734863,4.300000190734863,174636
2018-03-09,4.25,4.699999809265137,4.25,4.5,4.5,99006
2018-03-12,4.550000190734863,4.849999904632568,4.550000190734863,4.75,4.75,76355
2018-03-13,4.75,4.849999904632568,4.5,4.699999809265137,4.699999809265137,92482
2018-03-14,4.550000190734863,4.800000190734863,4.400000095367432,4.625,4.625,102380
2018-03-15,4.650000095367432,4.75,4.550000190734863,4.699999809265137,4.699999809265137,35490
2018-03-16,4.650000095367432,4.75,4.5,4.599999904632568,4.599999904632568,21186
2018-03-19,4.599999904632568,4.699999809265137,4.550000190734863,4.650000095367432,4.650000095367432,69969
2018-03-20,4.599999904632568,4.900000095367432,4.599999904632568,4.800000190734863,4.800000190734863,109933
2018-03-21,4.800000190734863,5.0,4.75,4.900000095367432,4.900000095367432,137931
2018-03-22,4.949999809265137,5.0,4.75,4.75,4.75,57963
2018-03-23,4.75,4.900000095367432,4.505000114440918,4.75,4.75,94530
2018-03-26,4.65500020980835,4.849999904632568,4.650000095367432,4.800000190734863,4.800000190734863,34911
2018-03-27,4.800000190734863,4.900000095367432,4.449999809265137,4.75,4.75,70653
2018-03-28,4.800000190734863,4.84499979019165,4.449999809265137,4.650000095367432,4.650000095367432,117553
2018-03-29,4.650000095367432,5.050000190734863,4.5,4.900000095367432,4.900000095367432,86085
2018-04-02,4.900000095367432,4.945000171661377,4.699999809265137,4.849999904632568,4.849999904632568,52696
2018-04-03,4.800000190734863,4.949999809265137,4.790999889373779,4.849999904632568,4.849999904632568,14986
2018-04-04,4.849999904632568,4.900000095367432,4.75,4.900000095367432,4.900000095367432,40496
2018-04-05,4.900000095367432,5.0,4.849999904632568,4.900000095367432,4.900000095367432,38366
2018-04-06,4.849999904632568,5.050000190734863,4.849999904632568,4.949999809265137,4.949999809265137,37538
2018-04-09,4.900000095367432,5.0,4.800000190734863,4.949999809265137,4.949999809265137,65596
2018-04-10,5.0,5.25,4.949999809265137,5.150000095367432,5.150000095367432,415990
2018-04-11,5.150000095367432,5.800000190734863,5.0,5.0,5.0,190008
2018-04-12,5.010000228881836,5.400000095367432,5.010000228881836,5.25,5.25,58721
2018-04-13,5.300000190734863,5.315299987792969,5.0,5.25,5.25,39465
2018-04-16,5.300000190734863,5.550000190734863,5.300000190734863,5.449999809265137,5.449999809265137,205149
2018-04-17,5.550000190734863,5.644999980926514,5.199999809265137,5.449999809265137,5.449999809265137,192441
2018-04-18,5.449999809265137,5.449999809265137,5.199999809265137,5.400000095367432,5.400000095367432,78115
2018-04-19,5.300000190734863,5.400000095367432,5.300000190734863,5.300000190734863,5.300000190734863,37527
2018-04-20,5.300000190734863,5.300000190734863,5.0,5.050000190734863,5.050000190734863,75855
2018-04-23,5.0,5.199999809265137,5.0,5.125,5.125,108778
2018-04-24,5.150000095367432,5.150000095367432,4.75,4.800000190734863,4.800000190734863,166138
2018-04-25,4.650000095367432,5.099999904632568,4.5,5.0,5.0,204675
2018-04-26,5.0,5.25,5.0,5.25,5.25,49093
2018-04-27,5.199999809265137,6.25,5.199999809265137,5.849999904632568,5.849999904632568,344290
2018-04-30,5.900000095367432,6.349999904632568,5.900000095367432,6.099999904632568,6.099999904632568,245714
2018-05-01,6.099999904632568,6.199999809265137,5.855000019073486,6.199999809265137,6.199999809265137,85167
2018-05-02,6.199999809265137,6.25,5.949999809265137,6.050000190734863,6.050000190734863,102057
2018-05-03,6.050000190734863,6.150000095367432,5.800000190734863,6.099999904632568,6.099999904632568,142482
2018-05-04,6.199999809265137,6.199999809265137,5.75,6.050000190734863,6.050000190734863,122644
2018-05-07,6.099999904632568,6.174900054931641,5.949999809265137,5.949999809265137,5.949999809265137,95670
2018-05-08,6.0,6.050000190734863,5.949999809265137,6.050000190734863,6.050000190734863,76592
2018-05-09,5.949999809265137,6.050000190734863,5.75,5.949999809265137,5.949999809265137,118576
2018-05-10,6.0,6.0,5.849999904632568,5.900000095367432,5.900000095367432,64377
2018-05-11,5.849999904632568,5.900000095367432,5.849999904632568,5.849999904632568,5.849999904632568,53253
2018-05-14,5.900000095367432,6.150000095367432,5.800000190734863,6.0,6.0,194633
2018-05-15,6.650000095367432,7.0,6.0,6.650000095367432,6.650000095367432,964301
2018-05-16,6.599999904632568,6.824399948120117,6.300000190734863,6.349999904632568,6.349999904632568,175265
2018-05-17,6.400000095367432,6.550000190734863,6.349999904632568,6.449999809265137,6.449999809265137,259409
2018-05-18,6.349999904632568,6.599999904632568,6.050000190734863,6.150000095367432,6.150000095367432,123593
2018-05-21,6.300000190734863,6.300000190734863,5.849999904632568,6.0,6.0,72940
2018-05-22,5.949999809265137,5.949999809265137,5.265500068664551,5.550000190734863,5.550000190734863,174898
2018-05-23,5.550000190734863,5.800000190734863,5.5,5.599999904632568,5.599999904632568,81752
2018-05-24,5.650000095367432,5.75,5.449999809265137,5.5,5.5,112037
2018-05-25,5.449999809265137,5.599999904632568,5.25,5.5,5.5,52566
2018-05-29,5.75,5.894999980926514,5.449999809265137,5.550000190734863,5.550000190734863,304813
2018-05-30,5.550000190734863,5.800000190734863,5.5,5.550000190734863,5.550000190734863,146728
2018-05-31,5.599999904632568,5.75,5.550000190734863,5.599999904632568,5.599999904632568,174801
2018-06-01,5.650000095367432,5.75,5.599999904632568,5.699999809265137,5.699999809265137,123492
2018-06-04,5.75,6.400000095367432,5.75,6.199999809265137,6.199999809265137,356754
2018-06-05,6.150000095367432,6.199999809265137,5.800000190734863,5.800000190734863,5.800000190734863,228702
2018-06-06,5.849999904632568,6.449999809265137,5.821000099182129,6.449999809265137,6.449999809265137,212171
2018-06-07,6.050000190734863,6.550000190734863,6.050000190734863,6.25,6.25,112882
2018-06-08,6.349999904632568,6.550000190734863,6.150000095367432,6.5,6.5,124454
2018-06-11,6.400000095367432,7.099999904632568,6.199999809265137,6.900000095367432,6.900000095367432,347303
2018-06-12,6.949999809265137,8.300000190734863,6.949999809265137,8.0,8.0,509635
2018-06-13,8.25,8.899999618530273,7.800000190734863,8.300000190734863,8.300000190734863,468636
2018-06-14,8.25,8.449999809265137,7.699999809265137,8.050000190734863,8.050000190734863,419030
2018-06-15,8.100000381469727,8.401300430297852,7.800000190734863,8.350000381469727,8.350000381469727,84505
2018-06-18,8.399999618530273,9.149999618530273,8.0,8.25,8.25,418473
2018-06-19,8.149999618530273,8.170999526977539,7.75,7.900000095367432,7.900000095367432,58563
2018-06-20,8.0,8.5,7.949999809265137,8.5,8.5,83047
2018-06-21,8.550000190734863,8.550000190734863,7.699999809265137,7.849999904632568,7.849999904632568,168305
2018-06-22,7.849999904632568,8.100000381469727,7.699999809265137,7.699999809265137,7.699999809265137,94655
2018-06-25,7.699999809265137,8.140000343322754,7.5355000495910645,8.0,8.0,242629
2018-06-26,8.050000190734863,8.050000190734863,7.650000095367432,7.849999904632568,7.849999904632568,105670
2018-06-27,7.849999904632568,7.949999809265137,7.650000095367432,7.900000095367432,7.900000095367432,101557
2018-06-28,7.852499961853027,9.25,7.849999904632568,8.649999618530273,8.649999618530273,947245
2018-06-29,8.649999618530273,11.0,8.649999618530273,9.199999809265137,9.199999809265137,2931668
2018-07-02,9.0,9.850000381469727,9.0,9.600000381469727,9.600000381469727,187986
2018-07-03,9.699999809265137,9.699999809265137,9.300000190734863,9.5,9.5,61048
2018-07-05,9.5,9.8100004196167,9.0600004196167,9.800000190734863,9.800000190734863,237725
2018-07-06,9.850000381469727,10.399999618530273,9.800000190734863,10.050000190734863,10.050000190734863,251134
2018-07-09,10.0,10.199999809265137,9.449999809265137,9.600000381469727,9.600000381469727,154485
2018-07-10,9.699999809265137,9.699999809265137,9.375,9.550000190734863,9.550000190734863,121599
2018-07-11,9.5,9.5,8.949999809265137,9.0,9.0,183515
2018-07-12,8.899999618530273,9.75,8.850000381469727,9.649999618530273,9.649999618530273,1878513
2018-07-13,9.699999809265137,10.600000381469727,9.649999618530273,10.550000190734863,10.550000190734863,221599
2018-07-16,10.649999618530273,10.75,9.899999618530273,10.100000381469727,10.100000381469727,110533
2018-07-17,10.050000190734863,10.449999809265137,10.050000190734863,10.100000381469727,10.100000381469727,64884
2018-07-18,10.149999618530273,10.449999809265137,9.925000190734863,10.050000190734863,10.050000190734863,55939
2018-07-19,10.149999618530273,10.300000190734863,9.600000381469727,10.25,10.25,93089
2018-07-20,10.199999809265137,10.449999809265137,10.004799842834473,10.100000381469727,10.100000381469727,112657
2018-07-23,10.050000190734863,10.399999618530273,9.899999618530273,10.199999809265137,10.199999809265137,71690
2018-07-24,10.149999618530273,10.399999618530273,9.5,9.699999809265137,9.699999809265137,117017
2018-07-25,9.649999618530273,9.899999618530273,9.600000381469727,9.600000381469727,9.600000381469727,84036
2018-07-26,9.649999618530273,9.899999618530273,9.399999618530273,9.649999618530273,9.649999618530273,87554
2018-07-27,9.75,9.75,8.899999618530273,9.149999618530273,9.149999618530273,126823
2018-07-30,9.149999618530273,9.399999618530273,9.100000381469727,9.199999809265137,9.199999809265137,76564
2018-07-31,9.300000190734863,9.949999809265137,9.199999809265137,9.949999809265137,9.949999809265137,307615
2018-08-01,10.0,10.324600219726562,9.75,10.199999809265137,10.199999809265137,66755
2018-08-02,10.050000190734863,10.350000381469727,10.050000190734863,10.100000381469727,10.100000381469727,84111
2018-08-03,10.050000190734863,10.199999809265137,9.699999809265137,9.75,9.75,42810
2018-08-06,9.699999809265137,9.850000381469727,9.204999923706055,9.5,9.5,61342
2018-08-07,9.5,10.149999618530273,9.5,9.949999809265137,9.949999809265137,94592
2018-08-08,10.399999618530273,11.300000190734863,9.949999809265137,11.0,11.0,524907
2018-08-09,11.0,12.149999618530273,11.0,12.100000381469727,12.100000381469727,377977
2018-08-10,12.050000190734863,12.149999618530273,11.600000381469727,11.75,11.75,153241
2018-08-13,11.850000381469727,12.0,11.350000381469727,11.649999618530273,11.649999618530273,104564
2018-08-14,11.75,12.199999809265137,11.300000190734863,11.399999618530273,11.399999618530273,121354
2018-08-15,11.350000381469727,11.699999809265137,11.199999809265137,11.699999809265137,11.699999809265137,48822
2018-08-16,11.75,12.0,11.649999618530273,11.800000190734863,11.800000190734863,71434
2018-08-17,11.850000381469727,11.949999809265137,11.25,11.449999809265137,11.449999809265137,127169
2018-08-20,11.5,12.199999809265137,11.300000190734863,11.899999618530273,11.899999618530273,199532
2018-08-21,11.949999809265137,12.399999618530273,11.949999809265137,12.199999809265137,12.199999809265137,147657
2018-08-22,12.25,12.300000190734863,11.899999618530273,12.100000381469727,12.100000381469727,112413
2018-08-23,12.149999618530273,12.199999809265137,11.649999618530273,11.850000381469727,11.850000381469727,117214
2018-08-24,11.800000190734863,12.149999618530273,11.75,11.850000381469727,11.850000381469727,109005
2018-08-27,12.199999809265137,12.399999618530273,11.939299583435059,12.25,12.25,176423
2018-08-28,12.100000381469727,12.600000381469727,11.850000381469727,12.100000381469727,12.100000381469727,271048
2018-08-29,12.25,12.699999809265137,11.5,12.25,12.25,568289
2018-08-30,12.149999618530273,13.300000190734863,12.149999618530273,13.149999618530273,13.149999618530273,307987
2018-08-31,13.199999809265137,13.800000190734863,12.850000381469727,13.25,13.25,150241
2018-09-04,13.300000190734863,13.350000381469727,12.850000381469727,13.199999809265137,13.199999809265137,111786
2018-09-05,13.149999618530273,13.550000190734863,13.041399955749512,13.449999809265137,13.449999809265137,151153
2018-09-06,14.0,14.25,12.850000381469727,13.149999618530273,13.149999618530273,1045507
2018-09-07,13.149999618530273,15.92199993133545,12.699999809265137,14.25,14.25,643071
2018-09-10,14.25,15.149999618530273,14.25,14.699999809265137,14.699999809265137,363693
2018-09-11,15.0,15.0,14.5,14.899999618530273,14.899999618530273,189564
2018-09-12,15.0,15.0,14.100000381469727,14.25,14.25,137340
2018-09-13,14.949999809265137,14.949999809265137,13.5,13.949999809265137,13.949999809265137,1777883
2018-09-14,13.850000381469727,14.199999809265137,13.5,14.050000190734863,14.050000190734863,204878
2018-09-17,14.100000381469727,14.449999809265137,13.649999618530273,13.75,13.75,154885
2018-09-18,13.800000190734863,13.850000381469727,13.25,13.699999809265137,13.699999809265137,129641
2018-09-19,13.600000381469727,13.600000381469727,12.899999618530273,13.350000381469727,13.350000381469727,169866
2018-09-20,13.350000381469727,13.800000190734863,13.149999618530273,13.300000190734863,13.300000190734863,177709
2018-09-21,13.350000381469727,13.449999809265137,12.550000190734863,13.100000381469727,13.100000381469727,225688
2018-09-24,12.949999809265137,13.699999809265137,12.699999809265137,13.5,13.5,178281
2018-09-25,13.600000381469727,13.600000381469727,13.149999618530273,13.25,13.25,175869
2018-09-26,13.399999618530273,13.449999809265137,13.050000190734863,13.300000190734863,13.300000190734863,62022
2018-09-27,13.350000381469727,13.373800277709961,12.649999618530273,13.100000381469727,13.100000381469727,103477
2018-09-28,13.050000190734863,13.350000381469727,12.850000381469727,13.199999809265137,13.199999809265137,74333
2018-10-01,13.270000457763672,13.489899635314941,12.260000228881836,12.34000015258789,12.34000015258789,158167
2018-10-02,12.270000457763672,12.8100004196167,11.329999923706055,12.619999885559082,12.619999885559082,343841
2018-10-03,12.829099655151367,13.0600004196167,12.0600004196167,12.329999923706055,12.329999923706055,101346
2018-10-04,12.15999984741211,12.350000381469727,11.529999732971191,12.020000457763672,12.020000457763672,183179
2018-10-05,11.949999809265137,12.369999885559082,11.520000457763672,11.529999732971191,11.529999732971191,294692
2018-10-08,11.5,11.5,10.630000114440918,10.930000305175781,10.930000305175781,233349
2018-10-09,10.829999923706055,10.989899635314941,10.3100004196167,10.65999984741211,10.65999984741211,293043
2018-10-10,10.609999656677246,10.65999984741211,9.65999984741211,10.010000228881836,10.010000228881836,296042
2018-10-11,10.020000457763672,10.789999961853027,9.90999984741211,10.170000076293945,10.170000076293945,215080
2018-10-12,10.329999923706055,10.630000114440918,10.1899995803833,10.479999542236328,10.479999542236328,221410
2018-10-15,10.380000114440918,10.520000457763672,10.25,10.260000228881836,10.260000228881836,64110
2018-10-16,10.279999732971191,11.399999618530273,10.279999732971191,11.130000114440918,11.130000114440918,289044
2018-10-17,11.109999656677246,11.109999656677246,10.710000038146973,10.84000015258789,10.84000015258789,64830
2018-10-18,10.800000190734863,10.845000267028809,10.510000228881836,10.75,10.75,57155
2018-10-19,10.789999961853027,10.90999984741211,10.5,10.510000228881836,10.510000228881836,101947
2018-10-22,10.520000457763672,10.520000457763672,10.0600004196167,10.3100004196167,10.3100004196167,36627
2018-10-23,10.079999923706055,10.778599739074707,10.0,10.529999732971191,10.529999732971191,57783
2018-10-24,10.520000457763672,10.8100004196167,10.140000343322754,10.270000457763672,10.270000457763672,97814
2018-10-25,10.289999961853027,11.114999771118164,10.270000457763672,10.619999885559082,10.619999885559082,68219
2018-10-26,10.470000267028809,10.800000190734863,10.216099739074707,10.65999984741211,10.65999984741211,49597
2018-10-29,10.710000038146973,10.871100425720215,10.260000228881836,10.550000190734863,10.550000190734863,113020
2018-10-30,10.520000457763672,10.520000457763672,10.0,10.130000114440918,10.130000114440918,73859
2018-10-31,10.1899995803833,10.630000114440918,10.039999961853027,10.130000114440918,10.130000114440918,188443
2018-11-01,10.140000343322754,10.779999732971191,10.140000343322754,10.619999885559082,10.619999885559082,292247
2018-11-02,10.65999984741211,10.899999618530273,10.5,10.680000305175781,10.680000305175781,103893
2018-11-05,10.699999809265137,10.86240005493164,10.350000381469727,10.4399995803833,10.4399995803833,83939
2018-11-06,10.350000381469727,10.350000381469727,9.869999885559082,9.970000267028809,9.970000267028809,156410
2018-11-07,10.0,10.449999809265137,9.529999732971191,9.850000381469727,9.850000381469727,235917
2018-11-08,9.75,10.039999961853027,9.75,9.9399995803833,9.9399995803833,65747
2018-11-09,9.779999732971191,9.930000305175781,9.319999694824219,9.430000305175781,9.430000305175781,88362
2018-11-12,9.180000305175781,9.390000343322754,8.279999732971191,8.350000381469727,8.350000381469727,137462
2018-11-13,8.319999694824219,8.645000457763672,8.279999732971191,8.420000076293945,8.420000076293945,162473
2018-11-14,8.489999771118164,8.489999771118164,7.789999961853027,8.039999961853027,8.039999961853027,299021
2018-11-15,8.0,8.40999984741211,7.769999980926514,8.279999732971191,8.279999732971191,185318
2018-11-16,8.220000267028809,8.75,8.130000114440918,8.470000267028809,8.470000267028809,150845
2018-11-19,8.449999809265137,8.531499862670898,8.0,8.09000015258789,8.09000015258789,80083
2018-11-20,7.949999809265137,8.609999656677246,7.909999847412109,8.119999885559082,8.119999885559082,263907
2018-11-21,8.119999885559082,8.210000038146973,7.909999847412109,8.0,8.0,98886
2018-11-23,7.889999866485596,8.210000038146973,7.829999923706055,8.039999961853027,8.039999961853027,58079
2018-11-26,8.039999961853027,8.329999923706055,7.820000171661377,7.900000095367432,7.900000095367432,110111
2018-11-27,7.809999942779541,8.0600004196167,7.809999942779541,7.989999771118164,7.989999771118164,134767
2018-11-28,7.989999771118164,8.170000076293945,7.929999828338623,8.039999961853027,8.039999961853027,90521
2018-11-29,8.029999732971191,8.100000381469727,7.929999828338623,7.989999771118164,7.989999771118164,75464
2018-11-30,8.029999732971191,8.510000228881836,8.0,8.430000305175781,8.430000305175781,278568
2018-12-03,8.470000267028809,8.83080005645752,7.449999809265137,8.15999984741211,8.15999984741211,235746
2018-12-04,8.069999694824219,8.220000267028809,7.570000171661377,7.800000190734863,7.800000190734863,142533
2018-12-06,7.570000171661377,7.75,7.360000133514404,7.369999885559082,7.369999885559082,214483
2018-12-07,7.400000095367432,7.53000020980835,7.170000076293945,7.309999942779541,7.309999942779541,65388
2018-12-10,7.300000190734863,7.300000190734863,6.769999980926514,7.0,7.0,105428
2018-12-11,7.0,7.190000057220459,6.860000133514404,7.050000190734863,7.050000190734863,117941
2018-12-12,7.059999942779541,7.389999866485596,7.0,7.21999979019165,7.21999979019165,98342
2018-12-13,7.239999771118164,7.25,6.8572998046875,6.960000038146973,6.960000038146973,65473
2018-12-14,6.920000076293945,7.0,6.550000190734863,6.570000171661377,6.570000171661377,56900
2018-12-17,6.460000038146973,6.670000076293945,6.210000038146973,6.289999961853027,6.289999961853027,162743
2018-12-18,6.300000190734863,6.46999979019165,6.159999847412109,6.269999980926514,6.269999980926514,165934
2018-12-19,6.320000171661377,6.53000020980835,6.170000076293945,6.289999961853027,6.289999961853027,159681
2018-12-20,6.25,6.389999866485596,5.71999979019165,5.820000171661377,5.820000171661377,183971
2018-12-21,5.800000190734863,5.860000133514404,5.429999828338623,5.630000114440918,5.630000114440918,746375
2018-12-24,5.639999866485596,5.849999904632568,5.485000133514404,5.610000133514404,5.610000133514404,52334
2018-12-26,5.659999847412109,5.880000114440918,5.409999847412109,5.71999979019165,5.71999979019165,459308
2018-12-27,5.590000152587891,5.800000190734863,5.409999847412109,5.710000038146973,5.710000038146973,316908
2018-12-28,5.75,6.264999866485596,5.679999828338623,5.920000076293945,5.920000076293945,615405
2018-12-31,5.949999809265137,6.480000019073486,5.949999809265137,6.309999942779541,6.309999942779541,485757
2019-01-02,6.480000019073486,6.880000114440918,6.28000020980835,6.679999828338623,6.679999828338623,187200
2019-01-03,6.670000076293945,6.926000118255615,6.172500133514404,6.389999866485596,6.389999866485596,190364
2019-01-04,6.480000019073486,7.039999961853027,6.480000019073486,6.869999885559082,6.869999885559082,124587
2019-01-07,7.110000133514404,7.809999942779541,7.010000228881836,7.53000020980835,7.53000020980835,167368
2019-01-08,7.630000114440918,8.642200469970703,7.630000114440918,8.279999732971191,8.279999732971191,322713
2019-01-09,8.210000038146973,8.34000015258789,7.771500110626221,7.889999866485596,7.889999866485596,144288
2019-01-10,7.809999942779541,7.920000076293945,7.579999923706055,7.78000020980835,7.78000020980835,84908
2019-01-11,7.849999904632568,8.020000457763672,7.710000038146973,7.960000038146973,7.960000038146973,70651
2019-01-14,7.860000133514404,7.949999809265137,7.539999961853027,7.590000152587891,7.590000152587891,64099
2019-01-15,7.630000114440918,7.949999809265137,7.588200092315674,7.710000038146973,7.710000038146973,46861
2019-01-16,7.71999979019165,7.789999961853027,7.670000076293945,7.699999809265137,7.699999809265137,79653
2019-01-17,7.659999847412109,7.860000133514404,7.659999847412109,7.809999942779541,7.809999942779541,45067
2019-01-18,7.889999866485596,7.889999866485596,7.570000171661377,7.650000095367432,7.650000095367432,83613
2019-01-22,7.650000095367432,7.900000095367432,7.550000190734863,7.75,7.75,100811
2019-01-23,7.78000020980835,7.989999771118164,7.610000133514404,7.71999979019165,7.71999979019165,55373
2019-01-24,7.75,7.840000152587891,7.679999828338623,7.809999942779541,7.809999942779541,19234
2019-01-25,7.820000171661377,7.980000019073486,7.744999885559082,7.920000076293945,7.920000076293945,28999
2019-01-28,8.0,8.300000190734863,7.980500221252441,8.069999694824219,8.069999694824219,60190
2019-01-29,8.020000457763672,8.579000473022461,7.78000020980835,8.050000190734863,8.050000190734863,66716
2019-01-30,8.050000190734863,8.199999809265137,7.909999847412109,8.199999809265137,8.199999809265137,63396
2019-01-31,8.199999809265137,8.75,8.074999809265137,8.539999961853027,8.539999961853027,165622
2019-02-01,8.5600004196167,8.59000015258789,8.130000114440918,8.579999923706055,8.579999923706055,60522
2019-02-04,8.59000015258789,8.600000381469727,8.210000038146973,8.600000381469727,8.600000381469727,66120
2019-02-05,8.619999885559082,8.800000190734863,8.619999885559082,8.75,8.75,66548
2019-02-06,8.739999771118164,8.75,8.229999542236328,8.460000038146973,8.460000038146973,56333
2019-02-07,8.430000305175781,8.430000305175781,7.820000171661377,8.100000381469727,8.100000381469727,87960
2019-02-08,8.09000015258789,8.430000305175781,8.029999732971191,8.279999732971191,8.279999732971191,38863
2019-02-11,8.239999771118164,8.239999771118164,7.670000076293945,7.960000038146973,7.960000038146973,52358
2019-02-12,8.029999732971191,8.109999656677246,7.699999809265137,7.869999885559082,7.869999885559082,48677
2019-02-13,7.889999866485596,8.050000190734863,7.730000019073486,7.78000020980835,7.78000020980835,40901
2019-02-14,7.769999980926514,8.085000038146973,7.710999965667725,8.020000457763672,8.020000457763672,26307
2019-02-15,8.029999732971191,8.119999885559082,7.769999980926514,8.079999923706055,8.079999923706055,75135
2019-02-19,8.069999694824219,8.199999809265137,7.809999942779541,8.029999732971191,8.029999732971191,136377
2019-02-20,8.020000457763672,8.319999694824219,7.829999923706055,7.900000095367432,7.900000095367432,125019
2019-02-21,7.860000133514404,7.961999893188477,7.610000133514404,7.71999979019165,7.71999979019165,39014
2019-02-22,7.789999961853027,7.840000152587891,7.579999923706055,7.840000152587891,7.840000152587891,28372
2019-02-25,7.849999904632568,8.380000114440918,7.750999927520752,8.170000076293945,8.170000076293945,124480
2019-02-26,8.220000267028809,8.5,8.010000228881836,8.489999771118164,8.489999771118164,127814
2019-02-27,8.470000267028809,9.199999809265137,8.369999885559082,9.119999885559082,9.119999885559082,178388
2019-02-28,9.050000190734863,9.199999809265137,8.399999618530273,9.180000305175781,9.180000305175781,212233
2019-03-01,9.210000038146973,9.430000305175781,8.5,8.9399995803833,8.9399995803833,117697
2019-03-04,8.949999809265137,8.960399627685547,8.375,8.84000015258789,8.84000015258789,117481
2019-03-05,8.850000381469727,9.210000038146973,8.420000076293945,8.670000076293945,8.670000076293945,138260
2019-03-06,8.6899995803833,8.890000343322754,8.600000381469727,8.779999732971191,8.779999732971191,167274
2019-03-07,8.789999961853027,9.649999618530273,8.600000381469727,9.300000190734863,9.300000190734863,239441
2019-03-08,9.289999961853027,9.449999809265137,9.010000228881836,9.1899995803833,9.1899995803833,86235
2019-03-11,9.029999732971191,9.380000114440918,9.029999732971191,9.220000267028809,9.220000267028809,61749
2019-03-12,9.229999542236328,9.5600004196167,9.140000343322754,9.470000267028809,9.470000267028809,86895
2019-03-13,9.479999542236328,9.488100051879883,9.210000038146973,9.270000457763672,9.270000457763672,52856
2019-03-14,9.279999732971191,10.0,9.279999732971191,9.829999923706055,9.829999923706055,194064
2019-03-15,9.779999732971191,9.989999771118164,9.4399995803833,9.489999771118164,9.489999771118164,67969
2019-03-18,9.489999771118164,9.779999732971191,9.25,9.279999732971191,9.279999732971191,64490
2019-03-19,9.4399995803833,9.739999771118164,9.20009994506836,9.600000381469727,9.600000381469727,36079
2019-03-20,9.600000381469727,9.869999885559082,9.329999923706055,9.65999984741211,9.65999984741211,65453
2019-03-21,9.65999984741211,10.739999771118164,9.619999885559082,10.420000076293945,10.420000076293945,257407
2019-03-22,10.420000076293945,10.479900360107422,9.630000114440918,9.8100004196167,9.8100004196167,184326
2019-03-25,9.890000343322754,9.890000343322754,9.25,9.529999732971191,9.529999732971191,129367
2019-03-26,9.539999961853027,10.0,9.329999923706055,9.789999961853027,9.789999961853027,73844
2019-03-27,9.850000381469727,9.867500305175781,9.25,9.420000076293945,9.420000076293945,101769
2019-03-28,9.430000305175781,9.630000114440918,9.297900199890137,9.630000114440918,9.630000114440918,36112
2019-03-29,9.899999618530273,10.300000190734863,9.640000343322754,10.15999984741211,10.15999984741211,180465
2019-04-01,10.319999694824219,10.349100112915039,9.65999984741211,10.100000381469727,10.100000381469727,108219
2019-04-02,10.109999656677246,10.25,9.760000228881836,10.149999618530273,10.149999618530273,95572
2019-04-03,10.170000076293945,10.579999923706055,9.949999809265137,10.449999809265137,10.449999809265137,111644
2019-04-04,10.449999809265137,10.479999542236328,9.779999732971191,10.0600004196167,10.0600004196167,87851
2019-04-05,10.119999885559082,10.520000457763672,10.109999656677246,10.300000190734863,10.300000190734863,75847
2019-04-08,10.3100004196167,10.470000267028809,9.9399995803833,10.289999961853027,10.289999961853027,94077
2019-04-09,10.279999732971191,10.348699569702148,9.8100004196167,9.8100004196167,9.8100004196167,73498
2019-04-10,9.75,10.050000190734863,9.460000038146973,9.729999542236328,9.729999542236328,127682
2019-04-11,9.800000190734863,9.800000190734863,9.34000015258789,9.670000076293945,9.670000076293945,95265
2019-04-12,9.649999618530273,9.720000267028809,9.25,9.34000015258789,9.34000015258789,99432
2019-04-15,9.350000381469727,9.350000381469727,8.949999809265137,9.119999885559082,9.119999885559082,89416
2019-04-16,9.130000114440918,9.210000038146973,8.90999984741211,9.050000190734863,9.050000190734863,46727
2019-04-17,8.899999618530273,8.907400131225586,8.219400405883789,8.510000228881836,8.510000228881836,123533
2019-04-18,8.520000457763672,8.6899995803833,8.230999946594238,8.65999984741211,8.65999984741211,56014
2019-04-22,8.5600004196167,8.699999809265137,8.34000015258789,8.65999984741211,8.65999984741211,38511
2019-04-23,8.670000076293945,9.329999923706055,8.604999542236328,9.260000228881836,9.260000228881836,156585
2019-04-24,9.270000457763672,9.629899978637695,9.149999618530273,9.470000267028809,9.470000267028809,95548
2019-04-25,9.460000038146973,9.739999771118164,9.380000114440918,9.579999923706055,9.579999923706055,167987
2019-04-26,9.720000267028809,9.75,9.119999885559082,9.369999885559082,9.369999885559082,102802
2019-04-29,9.180000305175781,9.4399995803833,9.09000015258789,9.3100004196167,9.3100004196167,52307
2019-04-30,9.260000228881836,9.449999809265137,9.100000381469727,9.289999961853027,9.289999961853027,60054
2019-05-01,9.239999771118164,9.399999618530273,8.660699844360352,8.680000305175781,8.680000305175781,72731
2019-05-02,8.670000076293945,9.069999694824219,8.590100288391113,8.859999656677246,8.859999656677246,43268
2019-05-03,8.949999809265137,9.404999732971191,8.949999809265137,9.359999656677246,9.359999656677246,65685
2019-05-06,9.25,9.930000305175781,9.25,9.739999771118164,9.739999771118164,71486
2019-05-07,9.819999694824219,9.9399995803833,9.010000228881836,9.5,9.5,74310
2019-05-08,9.079999923706055,9.59000015258789,9.050000190734863,9.289999961853027,9.289999961853027,130585
2019-05-09,9.199999809265137,9.399999618530273,9.052800178527832,9.289999961853027,9.289999961853027,42923
2019-05-10,9.149999618530273,9.4350004196167,8.930000305175781,9.100000381469727,9.100000381469727,123909
2019-05-13,8.960000038146973,9.329999923706055,8.75,8.960000038146973,8.960000038146973,219457
2019-05-14,9.0,9.109999656677246,8.890000343322754,8.989999771118164,8.989999771118164,48652
2019-05-15,8.989999771118164,9.1899995803833,8.880000114440918,9.100000381469727,9.100000381469727,60832
2019-05-16,8.899999618530273,9.609999656677246,8.899999618530273,9.399999618530273,9.399999618530273,51477
2019-05-17,9.210000038146973,10.0,9.210000038146973,9.539999961853027,9.539999961853027,66983
2019-05-20,9.5,9.710000038146973,9.25,9.289999961853027,9.289999961853027,31894
2019-05-21,9.270099639892578,9.890000343322754,9.270099639892578,9.850000381469727,9.850000381469727,45247
2019-05-22,9.779999732971191,10.270000457763672,9.579999923706055,9.899999618530273,9.899999618530273,72911
2019-05-23,9.789999961853027,10.180000305175781,9.496600151062012,9.75,9.75,57852
2019-05-24,9.869999885559082,10.100000381469727,9.699999809265137,10.079999923706055,10.079999923706055,49586
2019-05-28,10.100000381469727,10.220000267028809,9.710000038146973,9.899999618530273,9.899999618530273,73005
2019-05-29,9.850000381469727,10.029999732971191,9.498499870300293,9.979999542236328,9.979999542236328,46157
2019-05-30,10.0,10.25,9.8100004196167,10.020000457763672,10.020000457763672,62887
2019-05-31,9.899999618530273,10.229999542236328,9.850000381469727,10.100000381469727,10.100000381469727,71738
2019-06-03,10.149999618530273,10.5600004196167,9.760000228881836,10.350000381469727,10.350000381469727,303574
2019-06-04,10.449999809265137,10.75,10.199999809265137,10.729999542236328,10.729999542236328,115024
2019-06-05,10.75,11.34000015258789,10.130000114440918,10.75,10.75,175592
2019-06-06,10.8100004196167,10.949999809265137,10.562600135803223,10.59000015258789,10.59000015258789,642098
2019-06-07,10.649999618530273,10.6899995803833,10.210000038146973,10.369999885559082,10.369999885559082,85303
2019-06-10,10.319999694824219,10.34000015258789,9.529999732971191,9.649999618530273,9.649999618530273,55388
2019-06-11,9.640000343322754,9.640000343322754,8.899999618530273,9.069999694824219,9.069999694824219,77507
2019-06-12,9.069999694824219,9.149999618530273,8.920000076293945,8.970000267028809,8.970000267028809,43496
2019-06-13,9.020000457763672,9.149299621582031,8.970000267028809,9.0600004196167,9.0600004196167,37047
2019-06-14,9.100000381469727,9.100000381469727,8.920000076293945,8.960000038146973,8.960000038146973,34696
2019-06-17,8.970000267028809,9.550000190734863,8.970000267028809,9.329999923706055,9.329999923706055,51810
2019-06-18,9.399999618530273,9.399999618530273,9.010000228881836,9.149999618530273,9.149999618530273,48460
2019-06-19,9.15999984741211,9.329999923706055,9.111599922180176,9.199999809265137,9.199999809265137,26139
2019-06-20,9.399999618530273,9.920000076293945,9.34000015258789,9.75,9.75,101902
2019-06-21,9.779999732971191,9.920000076293945,9.289999961853027,9.529999732971191,9.529999732971191,67364
2019-06-24,9.600000381469727,9.84000015258789,9.300000190734863,9.5600004196167,9.5600004196167,59667
2019-06-25,9.600000381469727,9.779999732971191,9.510000228881836,9.5600004196167,9.5600004196167,62927
2019-06-26,9.640000343322754,9.899999618530273,9.5,9.65999984741211,9.65999984741211,109813
2019-06-27,9.699999809265137,9.949999809265137,9.560099601745605,9.869999885559082,9.869999885559082,75931
2019-06-28,9.869999885559082,10.199999809265137,9.59000015258789,9.859999656677246,9.859999656677246,92020
2019-07-01,10.0,10.449999809265137,9.859999656677246,10.34000015258789,10.34000015258789,58798
2019-07-02,10.420000076293945,10.420000076293945,9.699999809265137,9.760000228881836,9.760000228881836,65512
2019-07-03,9.859999656677246,10.180000305175781,9.720000267028809,10.050000190734863,10.050000190734863,55978
2019-07-05,10.079999923706055,10.3100004196167,10.003899574279785,10.15999984741211,10.15999984741211,47899
2019-07-08,10.210000038146973,10.300000190734863,9.729999542236328,10.0,10.0,38502
2019-07-09,9.829999923706055,10.170999526977539,9.800000190734863,10.0,10.0,40616
2019-07-10,10.029999732971191,10.329999923706055,9.8149995803833,10.260000228881836,10.260000228881836,41535
2019-07-11,10.359999656677246,10.359999656677246,9.800000190734863,10.170000076293945,10.170000076293945,28346
2019-07-12,9.8100004196167,10.319999694824219,9.8100004196167,10.15999984741211,10.15999984741211,15666
2019-07-15,10.210000038146973,10.899999618530273,10.050000190734863,10.510000228881836,10.510000228881836,110612
2019-07-16,10.430000305175781,10.789999961853027,10.020000457763672,10.069999694824219,10.069999694824219,44607
2019-07-17,10.010000228881836,10.300000190734863,9.805000305175781,10.130000114440918,10.130000114440918,35340
2019-07-18,10.0,10.180000305175781,9.800000190734863,10.0,10.0,35521
2019-07-19,10.180000305175781,10.319999694824219,9.829999923706055,10.020000457763672,10.020000457763672,29656
2019-07-22,10.09000015258789,10.25,9.850000381469727,9.949999809265137,9.949999809265137,27561
2019-07-23,10.020000457763672,10.069999694824219,9.770000457763672,9.84000015258789,9.84000015258789,35537
2019-07-24,9.949999809265137,9.949999809265137,9.430000305175781,9.65999984741211,9.65999984741211,38344
2019-07-25,9.649999618530273,9.779999732971191,9.510000228881836,9.579999923706055,9.579999923706055,67631
2019-07-26,9.579999923706055,9.708900451660156,9.399999618530273,9.600000381469727,9.600000381469727,29599
2019-07-29,9.458999633789062,9.59000015258789,9.359999656677246,9.369999885559082,9.369999885559082,30394
2019-07-30,9.350000381469727,9.880000114440918,9.350000381469727,9.520000457763672,9.520000457763672,11650
2019-07-31,9.553000450134277,10.050000190734863,9.553000450134277,9.619999885559082,9.619999885559082,42872
2019-08-01,9.75,10.199999809265137,9.449999809265137,9.579999923706055,9.579999923706055,86220
2019-08-02,9.579999923706055,9.699999809265137,9.300000190734863,9.369999885559082,9.369999885559082,18877
2019-08-05,9.145500183105469,9.180000305175781,8.850000381469727,8.930000305175781,8.930000305175781,81002
2019-08-06,9.0,9.25,8.917799949645996,9.180000305175781,9.180000305175781,24473
2019-08-07,9.289999961853027,9.289999961853027,8.850000381469727,8.979999542236328,8.979999542236328,43725
2019-08-08,9.020000457763672,9.5,8.994999885559082,9.479999542236328,9.479999542236328,33057
2019-08-09,9.449999809265137,9.5,9.1899995803833,9.289999961853027,9.289999961853027,18711
2019-08-12,9.180000305175781,9.369999885559082,9.020000457763672,9.0600004196167,9.0600004196167,8178
2019-08-13,9.0600004196167,9.319999694824219,8.979999542236328,9.140000343322754,9.140000343322754,39192
2019-08-14,8.979999542236328,9.069999694824219,8.75,8.829999923706055,8.829999923706055,135019
2019-08-15,8.859999656677246,8.859999656677246,8.539999961853027,8.739999771118164,8.739999771118164,60017
2019-08-16,8.800000190734863,9.0,8.6899995803833,8.760000228881836,8.760000228881836,43608
2019-08-19,8.779999732971191,8.989999771118164,8.729999542236328,8.869999885559082,8.869999885559082,48935
2019-08-20,8.84000015258789,9.149999618530273,8.6850004196167,8.899999618530273,8.899999618530273,46670
2019-08-21,9.010000228881836,9.119999885559082,8.870100021362305,9.0,9.0,29108
2019-08-22,8.949999809265137,8.960000038146973,8.800000190734863,8.899999618530273,8.899999618530273,32264
2019-08-23,8.859999656677246,9.135000228881836,8.779999732971191,8.779999732971191,8.779999732971191,103956
2019-08-26,8.880000114440918,9.149999618530273,8.827699661254883,9.069999694824219,9.069999694824219,46509
2019-08-27,9.119999885559082,9.119999885559082,8.899999618530273,8.979999542236328,8.979999542236328,62386
2019-08-28,8.970000267028809,9.1899995803833,8.84000015258789,9.130000114440918,9.130000114440918,23503
2019-08-29,9.15999984741211,9.379899978637695,9.0,9.289999961853027,9.289999961853027,21306
2019-08-30,9.319999694824219,9.319999694824219,8.984999656677246,9.319999694824219,9.319999694824219,15908
2019-09-03,9.289999961853027,9.649999618530273,9.220000267028809,9.579999923706055,9.579999923706055,70458
2019-09-04,9.649999618530273,9.930000305175781,9.493000030517578,9.800000190734863,9.800000190734863,50945
2019-09-05,9.949999809265137,9.949999809265137,9.65999984741211,9.84000015258789,9.84000015258789,15698
2019-09-06,9.770000457763672,9.899999618530273,9.630000114440918,9.729999542236328,9.729999542236328,18854
2019-09-09,9.75,9.800000190734863,9.319999694824219,9.510000228881836,9.510000228881836,27329
2019-09-10,9.196000099182129,9.600000381469727,9.1899995803833,9.319999694824219,9.319999694824219,28455
2019-09-11,9.319999694824219,9.4399995803833,9.255000114440918,9.380000114440918,9.380000114440918,14674
2019-09-12,9.40999984741211,9.449899673461914,9.180000305175781,9.319999694824219,9.319999694824219,22687
2019-09-13,9.279999732971191,9.380000114440918,9.029999732971191,9.25,9.25,20600
2019-09-16,9.5,9.850000381469727,9.420000076293945,9.4399995803833,9.4399995803833,29215
2019-09-17,9.649999618530273,9.800000190734863,9.229999542236328,9.260000228881836,9.260000228881836,24030
2019-09-18,9.199999809265137,9.324999809265137,9.149999618530273,9.229999542236328,9.229999542236328,44920
2019-09-19,9.229999542236328,9.350000381469727,9.180000305175781,9.229999542236328,9.229999542236328,36295
2019-09-20,9.329999923706055,9.600000381469727,9.239999771118164,9.399999618530273,9.399999618530273,92068
2019-09-23,9.350000381469727,9.399999618530273,9.220000267028809,9.229999542236328,9.229999542236328,23809
2019-09-24,9.25,9.399999618530273,8.989999771118164,9.170000076293945,9.170000076293945,87310
2019-09-25,9.199999809265137,9.4399995803833,8.930000305175781,9.399999618530273,9.399999618530273,14870
2019-09-26,9.174799919128418,9.380000114440918,8.949999809265137,8.949999809265137,8.949999809265137,38276
2019-09-27,8.961999893188477,9.039999961853027,8.65999984741211,8.770000457763672,8.770000457763672,73323
2019-09-30,8.850000381469727,9.010000228881836,8.619999885559082,9.010000228881836,9.010000228881836,36187
2019-10-01,8.970000267028809,9.239999771118164,8.949999809265137,8.970000267028809,8.970000267028809,51377
2019-10-02,9.069999694824219,9.140000343322754,8.899999618530273,8.989999771118164,8.989999771118164,39219
2019-10-03,8.979999542236328,9.1899995803833,8.739999771118164,8.960000038146973,8.960000038146973,156346
2019-10-04,8.899999618530273,9.039999961853027,8.470000267028809,8.640000343322754,8.640000343322754,139291
2019-10-07,8.385199546813965,8.649999618530273,7.878300189971924,8.260000228881836,8.260000228881836,143880
2019-10-08,8.300000190734863,8.489999771118164,8.119999885559082,8.180000305175781,8.180000305175781,52013
2019-10-09,8.229999542236328,8.229999542236328,7.929999828338623,8.109999656677246,8.109999656677246,68041
2019-10-10,8.100000381469727,8.199999809265137,7.900000095367432,8.149999618530273,8.149999618530273,51442
2019-10-11,8.140000343322754,8.479999542236328,8.140000343322754,8.350000381469727,8.350000381469727,60245
2019-10-14,8.663200378417969,8.770000457763672,8.069999694824219,8.270000457763672,8.270000457763672,144653
2019-10-15,8.329999923706055,8.890000343322754,8.15999984741211,8.850000381469727,8.850000381469727,38405
2019-10-16,8.850000381469727,9.029999732971191,8.5600004196167,8.75,8.75,28753
2019-10-17,9.1899995803833,9.1899995803833,8.800000190734863,8.90999984741211,8.90999984741211,15337
2019-10-18,8.619999885559082,8.800000190734863,8.359999656677246,8.800000190734863,8.800000190734863,27522
2019-10-21,8.779999732971191,9.0,8.538700103759766,8.970000267028809,8.970000267028809,16223
2019-10-22,8.960000038146973,9.039999961853027,8.829999923706055,8.949999809265137,8.949999809265137,43926
2019-10-23,9.0,9.020000457763672,8.779999732971191,8.890000343322754,8.890000343322754,13679
2019-10-24,8.859999656677246,8.859999656677246,8.460000038146973,8.75,8.75,78882
2019-10-25,8.75,8.984999656677246,8.58240032196045,8.800000190734863,8.800000190734863,55075
2019-10-28,9.039999961853027,9.039999961853027,8.699999809265137,8.869999885559082,8.869999885559082,51198
2019-10-29,8.789999961853027,8.84000015258789,8.359999656677246,8.729999542236328,8.729999542236328,40639
2019-10-30,8.65999984741211,8.789999961853027,8.470000267028809,8.649999618530273,8.649999618530273,27797
2019-10-31,8.5600004196167,8.729999542236328,8.350000381469727,8.539999961853027,8.539999961853027,30018
2019-11-01,8.600000381469727,8.800000190734863,8.34000015258789,8.710000038146973,8.710000038146973,33660
2019-11-04,8.800000190734863,9.100000381469727,8.78499984741211,9.020000457763672,9.020000457763672,35936
2019-11-05,9.020000457763672,9.1899995803833,9.020000457763672,9.149999618530273,9.149999618530273,35775
2019-11-06,9.050000190734863,9.270000457763672,8.920000076293945,9.100000381469727,9.100000381469727,53656
2019-11-07,9.229999542236328,9.239999771118164,8.755000114440918,8.880000114440918,8.880000114440918,23858
2019-11-08,8.880000114440918,9.149999618530273,8.760000228881836,9.0,9.0,27714
2019-11-11,8.87600040435791,9.100000381469727,8.649999618530273,9.039999961853027,9.039999961853027,24167
2019-11-12,9.0,9.119999885559082,8.699999809265137,9.020000457763672,9.020000457763672,85570
2019-11-13,9.056699752807617,9.149900436401367,9.0,9.09000015258789,9.09000015258789,15507
2019-11-14,9.15999984741211,9.15999984741211,8.619999885559082,8.75,8.75,39808
2019-11-15,8.699999809265137,9.039999961853027,8.65999984741211,8.770000457763672,8.770000457763672,101272
2019-11-18,8.770000457763672,9.050000190734863,8.75,8.949999809265137,8.949999809265137,89382
2019-11-19,9.050000190734863,9.449999809265137,8.899999618530273,9.329999923706055,9.329999923706055,104053
2019-11-20,9.40999984741211,9.760000228881836,9.09000015258789,9.15999984741211,9.15999984741211,109582
2019-11-21,9.199999809265137,9.5,9.140000343322754,9.399999618530273,9.399999618530273,85980
2019-11-22,9.399999618530273,9.600000381469727,9.09000015258789,9.380000114440918,9.380000114440918,76505
2019-11-25,9.4399995803833,10.0600004196167,9.4399995803833,10.020000457763672,10.020000457763672,171546
2019-11-26,9.989999771118164,11.979999542236328,9.989999771118164,11.65999984741211,11.65999984741211,344609
2019-11-27,11.920000076293945,12.478699684143066,11.359999656677246,11.489999771118164,11.489999771118164,123954
2019-11-29,11.380000114440918,12.050000190734863,11.380000114440918,11.829999923706055,11.829999923706055,77974
2019-12-02,13.25,13.75,11.699999809265137,12.3100004196167,12.3100004196167,616780
2019-12-03,12.229999542236328,13.899999618530273,12.050100326538086,13.579999923706055,13.579999923706055,827249
2019-12-04,13.65999984741211,14.4399995803833,13.649999618530273,14.279999732971191,14.279999732971191,230453
2019-12-05,14.390000343322754,14.390000343322754,12.610099792480469,13.880000114440918,13.880000114440918,292460
2019-12-06,13.979999542236328,14.220000267028809,13.640000343322754,13.949999809265137,13.949999809265137,114065
2019-12-09,13.989999771118164,14.399999618530273,13.600000381469727,13.869999885559082,13.869999885559082,167798
2019-12-10,13.850000381469727,14.949999809265137,13.800000190734863,14.649999618530273,14.649999618530273,404599
2019-12-11,14.649999618530273,14.649999618530273,13.18239974975586,13.359999656677246,13.359999656677246,137306
2019-12-12,13.449999809265137,14.149999618530273,13.390000343322754,13.989999771118164,13.989999771118164,717180
2019-12-13,14.079999923706055,14.149999618530273,13.1899995803833,13.279999732971191,13.279999732971191,90318
2019-12-16,13.279999732971191,13.383000373840332,12.640000343322754,12.979999542236328,12.979999542236328,152151
2019-12-17,12.979999542236328,13.380000114440918,12.755000114440918,13.020000457763672,13.020000457763672,106876
2019-12-18,13.050000190734863,13.220000267028809,12.704999923706055,12.989999771118164,12.989999771118164,96403
2019-12-19,12.970000267028809,13.520000457763672,12.800000190734863,13.300000190734863,13.300000190734863,187789
2019-12-20,13.34000015258789,13.59000015258789,13.010000228881836,13.479999542236328,13.479999542236328,497894
2019-12-23,13.399999618530273,13.979999542236328,13.210000038146973,13.800000190734863,13.800000190734863,76391
2019-12-24,13.960000038146973,14.050000190734863,13.800000190734863,13.949999809265137,13.949999809265137,42779
2019-12-26,14.0,14.010000228881836,13.670000076293945,13.75,13.75,51757
2019-12-27,13.800000190734863,13.800000190734863,13.09000015258789,13.359999656677246,13.359999656677246,60610
2019-12-30,13.359999656677246,13.5,13.100000381469727,13.199999809265137,13.199999809265137,62586
2019-12-31,13.0600004196167,13.369999885559082,12.903300285339355,13.109999656677246,13.109999656677246,88183
2020-01-02,13.210000038146973,13.920000076293945,12.854999542236328,13.720000267028809,13.720000267028809,125031
2020-01-03,13.699999809265137,13.850000381469727,13.0,13.25,13.25,90731
2020-01-06,13.149999618530273,13.75,13.020000457763672,13.489999771118164,13.489999771118164,117995
2020-01-07,13.619999885559082,15.470000267028809,13.59000015258789,14.729999542236328,14.729999542236328,308479
2020-01-08,14.979999542236328,15.397700309753418,14.720000267028809,15.239999771118164,15.239999771118164,219414
2020-01-09,15.350000381469727,16.1299991607666,15.350000381469727,15.880000114440918,15.880000114440918,317013
2020-01-10,15.960000038146973,17.25,15.825799942016602,16.649999618530273,16.649999618530273,2663874
2020-01-13,16.649999618530273,16.829999923706055,15.708800315856934,16.420000076293945,16.420000076293945,176032
2020-01-14,16.360000610351562,16.979999542236328,15.989999771118164,16.719999313354492,16.719999313354492,192042
2020-01-15,16.739999771118164,16.940000534057617,16.239999771118164,16.93000030517578,16.93000030517578,143387
2020-01-16,17.0,17.90999984741211,16.864999771118164,17.450000762939453,17.450000762939453,240391
2020-01-17,17.59000015258789,18.100000381469727,17.154399871826172,17.399999618530273,17.399999618530273,201180
2020-01-21,17.43000030517578,17.43000030517578,16.469999313354492,16.719999313354492,16.719999313354492,196088
2020-01-22,16.8700008392334,16.961999893188477,16.450000762939453,16.829999923706055,16.829999923706055,125628
2020-01-23,16.0,16.239999771118164,15.510000228881836,15.65999984741211,15.65999984741211,1179454
2020-01-24,15.779999732971191,16.299999237060547,15.34000015258789,15.5,15.5,498410
2020-01-27,15.1899995803833,15.989999771118164,15.010000228881836,15.289999961853027,15.289999961853027,174431
2020-01-28,15.1899995803833,15.470000267028809,15.0600004196167,15.289999961853027,15.289999961853027,109372
2020-01-29,15.34000015258789,15.770000457763672,15.170000076293945,15.3100004196167,15.3100004196167,225195
2020-01-30,15.25,15.289999961853027,14.65999984741211,14.920000076293945,14.920000076293945,114385
2020-01-31,14.850000381469727,14.850000381469727,14.130000114440918,14.640000343322754,14.640000343322754,215608
2020-02-03,14.6899995803833,14.699999809265137,13.90999984741211,14.140000343322754,14.140000343322754,200691
2020-02-04,14.289999961853027,14.680000305175781,14.25,14.5600004196167,14.5600004196167,181638
2020-02-05,14.729999542236328,15.289999961853027,14.5,15.039999961853027,15.039999961853027,236144
2020-02-06,15.119999885559082,15.119999885559082,14.5,14.75,14.75,177083
2020-02-07,14.720000267028809,14.797699928283691,14.510000228881836,14.729999542236328,14.729999542236328,79798
2020-02-10,14.75,15.390000343322754,14.75,15.029999732971191,15.029999732971191,167865
2020-02-11,14.949999809265137,15.539999961853027,14.949999809265137,15.399999618530273,15.399999618530273,173800
2020-02-12,15.40999984741211,17.399999618530273,15.40999984741211,17.18000030517578,17.18000030517578,565184
2020-02-13,16.360000610351562,18.450000762939453,16.02400016784668,17.56999969482422,17.56999969482422,803280
2020-02-14,17.729999542236328,17.989900588989258,16.3799991607666,16.90999984741211,16.90999984741211,440933
2020-02-18,16.8700008392334,17.450000762939453,16.549999237060547,16.940000534057617,16.940000534057617,131108
2020-02-19,17.149999618530273,17.290000915527344,16.139999389648438,16.40999984741211,16.40999984741211,362093
2020-02-20,16.40999984741211,17.0,16.299999237060547,16.709999084472656,16.709999084472656,179224
2020-02-21,16.719999313354492,16.93000030517578,15.920000076293945,16.290000915527344,16.290000915527344,199894
2020-02-24,15.699999809265137,15.850000381469727,15.130000114440918,15.369999885559082,15.369999885559082,137225
2020-02-25,15.319999694824219,15.5600004196167,14.430000305175781,14.5,14.5,166522
2020-02-26,14.470000267028809,14.869999885559082,13.729999542236328,13.770000457763672,13.770000457763672,171206
2020-02-27,13.359999656677246,14.279999732971191,13.175000190734863,13.850000381469727,13.850000381469727,303445
2020-02-28,13.430000305175781,14.479999542236328,13.34000015258789,14.420000076293945,14.420000076293945,236065
2020-03-02,14.699999809265137,14.979999542236328,14.260000228881836,14.510000228881836,14.510000228881836,141530
2020-03-03,14.510000228881836,15.319999694824219,14.279999732971191,15.25,15.25,206078
2020-03-04,15.430000305175781,15.880000114440918,14.760000228881836,15.109999656677246,15.109999656677246,220739
2020-03-05,14.680000305175781,15.579999923706055,14.619999885559082,15.380000114440918,15.380000114440918,102720
2020-03-06,15.010000228881836,15.010000228881836,13.75,14.180000305175781,14.180000305175781,183631
2020-03-09,13.399999618530273,13.399999618530273,11.880000114440918,12.119999885559082,12.119999885559082,396795
2020-03-10,12.359999656677246,13.829999923706055,12.359999656677246,12.859999656677246,12.859999656677246,546023
2020-03-11,12.550000190734863,12.720000267028809,11.800000190734863,12.710000038146973,12.710000038146973,460983
2020-03-12,12.0,12.355799674987793,10.75,11.579999923706055,11.579999923706055,378966
2020-03-13,12.010000228881836,12.010000228881836,10.399999618530273,11.529999732971191,11.529999732971191,190187
2020-03-16,10.34000015258789,11.119999885559082,10.239999771118164,10.789999961853027,10.789999961853027,193653
2020-03-17,10.819999694824219,11.070199966430664,9.6899995803833,9.989999771118164,9.989999771118164,263264
2020-03-18,9.199999809265137,9.930000305175781,7.0,8.079999923706055,8.079999923706055,429225
2020-03-19,8.039999961853027,10.289999961853027,8.020099639892578,10.0600004196167,10.0600004196167,436984
2020-03-20,10.119999885559082,10.489999771118164,9.279999732971191,10.0600004196167,10.0600004196167,373262
2020-03-23,9.979999542236328,10.289999961853027,8.949999809265137,10.010000228881836,10.010000228881836,407097
2020-03-24,10.25,11.220000267028809,10.109999656677246,11.149999618530273,11.149999618530273,125429
2020-03-25,11.619999885559082,11.869999885559082,10.600000381469727,11.25,11.25,306967
2020-03-26,11.279999732971191,11.970000267028809,10.640000343322754,11.449999809265137,11.449999809265137,688638
2020-03-27,11.039999961853027,11.300000190734863,10.510000228881836,11.0,11.0,149408
2020-03-30,10.9399995803833,11.1899995803833,10.600000381469727,10.960000038146973,10.960000038146973,226805
2020-03-31,10.960000038146973,11.600000381469727,10.6899995803833,11.34000015258789,11.34000015258789,184051
2020-04-01,11.020000457763672,11.270000457763672,10.130000114440918,10.210000038146973,10.210000038146973,739706
2020-04-02,10.210000038146973,11.75,9.961199760437012,10.989999771118164,10.989999771118164,337624
2020-04-03,10.9399995803833,11.239999771118164,10.125,10.5600004196167,10.5600004196167,166483
2020-04-06,10.800000190734863,12.25,10.65999984741211,12.130000114440918,12.130000114440918,146572
2020-04-07,12.430000305175781,13.25,11.949999809265137,12.399999618530273,12.399999618530273,410401
2020-04-08,12.539999961853027,13.5,12.350000381469727,12.720000267028809,12.720000267028809,346780
2020-04-09,12.960000038146973,13.420000076293945,12.630000114440918,12.859999656677246,12.859999656677246,121844
2020-04-13,12.899999618530273,13.15999984741211,12.40999984741211,12.460000038146973,12.460000038146973,134860
2020-04-14,12.600000381469727,14.664299964904785,12.600000381469727,13.949999809265137,13.949999809265137,415191
2020-04-15,13.6899995803833,13.850000381469727,12.239999771118164,12.920000076293945,12.920000076293945,180241
2020-04-16,12.8100004196167,12.960000038146973,12.270099639892578,12.550000190734863,12.550000190734863,444080
2020-04-17,12.760000228881836,12.979999542236328,12.220000267028809,12.609999656677246,12.609999656677246,127134
2020-04-20,12.399999618530273,13.539999961853027,12.399999618530273,13.109999656677246,13.109999656677246,82220
2020-04-21,12.8100004196167,13.359999656677246,12.390000343322754,12.920000076293945,12.920000076293945,122664
2020-04-22,13.020000457763672,13.25,12.125,12.130000114440918,12.130000114440918,171853
2020-04-23,12.239999771118164,13.520000457763672,11.210000038146973,11.899999618530273,11.899999618530273,152105
2020-04-24,12.029999732971191,12.460000038146973,11.3100004196167,12.449999809265137,12.449999809265137,283205
2020-04-27,12.569999694824219,13.930000305175781,12.270000457763672,13.449999809265137,13.449999809265137,150624
2020-04-28,13.630000114440918,13.930000305175781,12.609999656677246,13.319999694824219,13.319999694824219,117957
2020-04-29,13.5,13.510000228881836,12.649999618530273,12.979999542236328,12.979999542236328,370502
2020-04-30,12.75,13.59000015258789,12.600000381469727,12.960000038146973,12.960000038146973,105009
2020-05-01,12.770000457763672,12.779999732971191,11.850000381469727,12.359999656677246,12.359999656677246,121771
2020-05-04,12.319999694824219,13.300000190734863,12.25,13.039999961853027,13.039999961853027,90390
2020-05-05,13.109999656677246,14.229999542236328,13.109999656677246,13.800000190734863,13.800000190734863,130442
2020-05-06,13.819999694824219,13.989999771118164,13.109999656677246,13.489999771118164,13.489999771118164,53802
2020-05-07,13.739999771118164,13.976799964904785,12.720000267028809,13.050000190734863,13.050000190734863,132088
2020-05-08,13.350000381469727,13.539999961853027,12.550000190734863,12.670000076293945,12.670000076293945,101085
2020-05-11,12.600000381469727,13.1899995803833,12.550000190734863,12.859999656677246,12.859999656677246,107907
2020-05-12,13.0600004196167,13.09000015258789,12.3100004196167,12.869999885559082,12.869999885559082,174643
2020-05-13,12.850000381469727,13.5,12.270000457763672,12.960000038146973,12.960000038146973,134192
2020-05-14,12.505000114440918,12.835000038146973,12.289999961853027,12.720000267028809,12.720000267028809,94569
2020-05-15,12.539999961853027,13.079999923706055,12.441100120544434,13.0,13.0,102570
2020-05-18,13.279999732971191,14.220000267028809,12.90999984741211,14.020000457763672,14.020000457763672,148031
2020-05-19,14.069999694824219,14.949999809265137,13.6899995803833,14.329999923706055,14.329999923706055,113524
2020-05-20,14.34000015258789,14.90999984741211,14.039999961853027,14.289999961853027,14.289999961853027,103218
2020-05-21,14.289999961853027,14.5,13.420000076293945,13.869999885559082,13.869999885559082,100918
2020-05-22,14.6899995803833,17.0,14.150099754333496,14.899999618530273,14.899999618530273,466396
2020-05-26,15.550000190734863,15.550000190734863,13.66919994354248,13.779999732971191,13.779999732971191,166506
2020-05-27,13.859999656677246,13.859999656677246,12.5,13.380000114440918,13.380000114440918,149247
2020-05-28,13.399999618530273,14.045000076293945,12.569999694824219,12.699999809265137,12.699999809265137,90031
2020-05-29,12.880000114440918,14.25,12.729999542236328,13.699999809265137,13.699999809265137,552234
2020-06-01,14.430000305175781,14.430000305175781,13.029999732971191,13.109999656677246,13.109999656677246,208114
2020-06-02,13.109999656677246,13.3100004196167,12.854999542236328,12.90999984741211,12.90999984741211,245143
2020-06-03,12.880000114440918,13.0,12.050000190734863,12.25,12.25,696326
2020-06-04,12.350000381469727,12.350000381469727,11.800000190734863,11.850000381469727,11.850000381469727,977645
2020-06-05,11.760000228881836,12.180000305175781,11.525699615478516,11.829999923706055,11.829999923706055,206938
2020-06-08,11.720000267028809,12.180000305175781,11.510000228881836,12.109999656677246,12.109999656677246,398359
2020-06-09,12.109999656677246,12.619999885559082,11.979999542236328,12.470000267028809,12.470000267028809,125982
2020-06-10,12.470000267028809,12.880000114440918,11.75,12.109999656677246,12.109999656677246,372046
2020-06-11,11.869999885559082,12.140000343322754,11.680100440979004,11.84000015258789,11.84000015258789,212758
2020-06-12,11.989999771118164,12.239999771118164,11.699999809265137,12.010000228881836,12.010000228881836,265351
2020-06-15,11.770000457763672,12.09000015258789,11.390600204467773,11.569999694824219,11.569999694824219,723004
2020-06-16,11.779999732971191,12.289999961853027,11.520000457763672,11.8100004196167,11.8100004196167,682920
2020-06-17,11.84000015258789,12.079999923706055,11.640000343322754,11.800000190734863,11.800000190734863,325374
2020-06-18,11.699999809265137,12.359999656677246,11.699999809265137,12.050000190734863,12.050000190734863,85978
2020-06-19,12.109999656677246,13.039999961853027,12.109999656677246,12.9399995803833,12.9399995803833,325310
2020-06-22,13.010000228881836,13.239999771118164,12.430000305175781,13.210000038146973,13.210000038146973,129559
2020-06-23,13.25,13.470000267028809,12.90999984741211,12.949999809265137,12.949999809265137,71201
2020-06-24,12.90999984741211,13.229999542236328,12.630000114440918,13.0600004196167,13.0600004196167,72612
2020-06-25,12.989999771118164,13.449999809265137,12.880000114440918,13.029999732971191,13.029999732971191,53337
2020-06-26,12.9399995803833,13.25,12.699999809265137,12.890000343322754,12.890000343322754,103406
2020-06-29,13.0600004196167,13.0600004196167,11.930000305175781,12.010000228881836,12.010000228881836,103692
2020-06-30,11.930000305175781,12.579999923706055,11.844900131225586,12.539999961853027,12.539999961853027,111789
2020-07-01,12.579999923706055,13.0,12.34000015258789,12.9399995803833,12.9399995803833,71888
2020-07-02,12.949999809265137,13.050000190734863,12.520000457763672,12.8100004196167,12.8100004196167,58392
2020-07-06,12.979999542236328,13.300000190734863,12.670000076293945,13.199999809265137,13.199999809265137,105642
2020-07-07,13.180000305175781,13.779999732971191,13.149999618530273,13.350000381469727,13.350000381469727,99254
2020-07-08,13.40999984741211,13.59000015258789,13.069999694824219,13.350000381469727,13.350000381469727,88005
2020-07-09,13.359999656677246,13.710000038146973,13.15999984741211,13.3100004196167,13.3100004196167,56581
2020-07-10,13.260000228881836,13.395000457763672,13.010000228881836,13.220000267028809,13.220000267028809,169526
2020-07-13,13.369999885559082,13.489999771118164,11.960000038146973,12.149999618530273,12.149999618530273,115547
2020-07-14,12.119999885559082,12.444999694824219,11.699999809265137,12.029999732971191,12.029999732971191,74060
2020-07-15,12.25,12.40999984741211,12.020000457763672,12.289999961853027,12.289999961853027,96289
2020-07-16,12.180000305175781,12.180000305175781,11.779999732971191,11.850000381469727,11.850000381469727,93124
2020-07-17,11.960000038146973,12.460000038146973,11.729999542236328,12.260000228881836,12.260000228881836,67850
2020-07-20,12.3100004196167,12.949999809265137,12.010000228881836,12.8100004196167,12.8100004196167,90156
2020-07-21,14.100000381469727,14.100000381469727,12.699999809265137,12.90999984741211,12.90999984741211,144334
2020-07-22,12.90999984741211,13.149999618530273,12.460100173950195,12.979999542236328,12.979999542236328,84976
2020-07-23,12.989999771118164,13.119999885559082,12.5,12.760000228881836,12.760000228881836,112170
2020-07-24,12.670000076293945,12.90999984741211,12.010000228881836,12.779999732971191,12.779999732971191,123944
2020-07-27,12.9399995803833,13.050000190734863,12.329999923706055,12.59000015258789,12.59000015258789,91099
2020-07-28,12.470000267028809,12.6899995803833,12.149999618530273,12.300000190734863,12.300000190734863,101592
2020-07-29,12.300000190734863,12.31309986114502,11.420000076293945,11.550000190734863,11.550000190734863,119337
2020-07-30,11.600000381469727,11.854999542236328,11.199999809265137,11.220000267028809,11.220000267028809,113802
2020-07-31,11.239999771118164,11.350000381469727,10.649999618530273,10.930000305175781,10.930000305175781,143800
2020-08-03,10.890000343322754,11.609999656677246,10.75,11.520000457763672,11.520000457763672,87313
2020-08-04,11.539999961853027,11.539999961853027,10.800000190734863,11.239999771118164,11.239999771118164,91916
2020-08-05,11.369999885559082,11.6899995803833,11.225000381469727,11.4399995803833,11.4399995803833,96727
2020-08-06,11.460000038146973,11.510000228881836,10.90999984741211,11.300000190734863,11.300000190734863,102127
2020-08-07,11.199999809265137,11.680000305175781,10.819999694824219,11.199999809265137,11.199999809265137,245916
2020-08-10,11.199999809265137,11.4399995803833,11.199999809265137,11.279999732971191,11.279999732971191,79685
2020-08-11,11.279999732971191,11.425000190734863,11.0,11.029999732971191,11.029999732971191,105158
2020-08-12,11.050000190734863,11.289999961853027,10.90999984741211,11.25,11.25,95570
2020-08-13,11.289999961853027,11.3100004196167,10.859999656677246,10.90999984741211,10.90999984741211,78235
2020-08-14,10.880000114440918,10.8858003616333,10.109999656677246,10.819999694824219,10.819999694824219,266241
2020-08-17,10.819999694824219,11.680000305175781,10.8100004196167,11.270000457763672,11.270000457763672,191752
2020-08-18,11.350000381469727,11.609999656677246,11.300000190734863,11.609999656677246,11.609999656677246,83736
2020-08-19,11.65999984741211,11.880000114440918,11.300000190734863,11.850000381469727,11.850000381469727,367035
2020-08-20,11.90999984741211,12.0600004196167,11.729299545288086,12.050000190734863,12.050000190734863,85435
2020-08-21,11.960000038146973,12.0600004196167,11.779999732971191,12.039999961853027,12.039999961853027,114068
2020-08-24,12.020000457763672,12.020000457763672,11.100000381469727,11.520000457763672,11.520000457763672,212346
2020-08-25,11.5,12.3100004196167,11.430000305175781,12.229999542236328,12.229999542236328,84003
2020-08-26,12.170000076293945,12.675000190734863,12.010000228881836,12.270000457763672,12.270000457763672,107731
2020-08-27,12.510000228881836,12.979999542236328,11.170000076293945,11.609999656677246,11.609999656677246,99960
2020-08-28,11.550000190734863,11.979999542236328,11.3100004196167,11.970000267028809,11.970000267028809,66122
2020-08-31,11.979999542236328,12.25,11.829999923706055,12.149999618530273,12.149999618530273,62991
2020-09-01,12.220000267028809,12.229999542236328,11.649999618530273,11.859999656677246,11.859999656677246,40161
2020-09-02,11.979999542236328,11.979999542236328,11.569999694824219,11.670000076293945,11.670000076293945,65113
2020-09-03,11.59000015258789,11.619999885559082,11.270000457763672,11.300000190734863,11.300000190734863,85550
2020-09-04,11.75,11.75,10.65999984741211,11.220000267028809,11.220000267028809,68271
2020-09-08,11.069999694824219,11.40999984741211,10.920000076293945,11.0600004196167,11.0600004196167,47104
2020-09-09,11.130000114440918,11.479999542236328,11.109999656677246,11.220000267028809,11.220000267028809,43918
2020-09-10,11.289999961853027,12.149999618530273,11.289999961853027,12.050000190734863,12.050000190734863,165097
2020-09-11,12.149999618530273,12.25,10.819999694824219,10.829999923706055,10.829999923706055,204334
2020-09-14,10.979999542236328,11.279999732971191,10.979999542236328,11.000100135803223,11.000100135803223,51872
2020-09-15,10.979999542236328,11.25,10.90999984741211,11.0,11.0,60523
2020-09-16,11.0,11.430000305175781,10.989999771118164,11.170000076293945,11.170000076293945,59618
2020-09-17,11.09000015258789,11.3100004196167,11.0,11.039999961853027,11.039999961853027,29088
2020-09-18,10.989999771118164,11.579999923706055,10.989999771118164,11.4399995803833,11.4399995803833,64119
2020-09-21,11.260000228881836,11.579999923706055,10.769000053405762,11.199999809265137,11.199999809265137,112189
2020-09-22,11.199999809265137,11.319999694824219,10.90999984741211,11.050000190734863,11.050000190734863,37751
2020-09-23,11.0,11.760000228881836,10.869999885559082,11.020000457763672,11.020000457763672,85864
2020-09-24,10.890000343322754,11.130000114440918,10.550000190734863,10.850000381469727,10.850000381469727,167436
2020-09-25,11.029999732971191,11.100000381469727,10.760000228881836,11.010000228881836,11.010000228881836,30438
2020-09-28,11.0,11.15999984741211,10.859999656677246,11.020000457763672,11.020000457763672,55531
2020-09-29,10.90999984741211,11.140000343322754,10.649999618530273,10.829999923706055,10.829999923706055,52647
2020-09-30,10.779999732971191,11.375,10.75,11.069999694824219,11.069999694824219,104165
2020-10-01,11.170000076293945,11.390000343322754,10.869999885559082,11.1899995803833,11.1899995803833,137191
2020-10-02,11.369999885559082,11.880000114440918,10.770000457763672,10.920000076293945,10.920000076293945,130737
2020-10-05,11.0,12.0,11.0,12.0,12.0,143537
2020-10-06,11.989999771118164,12.0,11.1899995803833,11.779999732971191,11.779999732971191,67598
2020-10-07,11.899999618530273,12.350000381469727,11.800000190734863,12.210000038146973,12.210000038146973,69850
2020-10-08,12.289999961853027,12.640000343322754,11.9399995803833,12.180000305175781,12.180000305175781,70557
2020-10-09,12.270000457763672,12.270000457763672,11.614999771118164,11.850000381469727,11.850000381469727,97471
2020-10-12,11.8100004196167,11.851699829101562,11.539999961853027,11.550000190734863,11.550000190734863,35798
2020-10-13,11.5,11.890000343322754,11.5,11.800000190734863,11.800000190734863,66694
2020-10-14,11.850000381469727,11.887499809265137,11.079999923706055,11.170000076293945,11.170000076293945,93194
2020-10-15,11.010000228881836,11.289999961853027,10.680000305175781,10.9399995803833,10.9399995803833,81746
2020-10-16,11.0,11.635000228881836,10.979999542236328,11.279999732971191,11.279999732971191,62848
2020-10-19,11.279999732971191,11.3100004196167,10.779999732971191,10.829999923706055,10.829999923706055,65632
2020-10-20,10.8100004196167,10.859999656677246,10.449999809265137,10.699999809265137,10.699999809265137,80510
2020-10-21,10.699999809265137,10.75,10.300000190734863,10.5,10.5,71434
2020-10-22,10.420000076293945,10.699999809265137,10.329999923706055,10.460000038146973,10.460000038146973,89473
2020-10-23,10.5600004196167,10.869999885559082,10.210000038146973,10.720000267028809,10.720000267028809,49225
2020-10-26,10.619999885559082,10.789999961853027,10.25,10.489999771118164,10.489999771118164,63821
2020-10-27,10.40999984741211,10.789999961853027,10.0600004196167,10.069999694824219,10.069999694824219,132981
2020-10-28,10.0,10.335000038146973,9.399999618530273,9.489999771118164,9.489999771118164,214981
2020-10-29,9.59000015258789,10.069999694824219,9.5,9.619999885559082,9.619999885559082,149555
2020-10-30,9.550000190734863,10.15999984741211,9.319999694824219,9.720000267028809,9.720000267028809,149995
2020-11-02,9.829999923706055,10.75,9.8100004196167,10.329999923706055,10.329999923706055,159238
2020-11-03,10.329999923706055,11.100000381469727,9.989999771118164,10.979999542236328,10.979999542236328,173791
2020-11-04,11.079999923706055,11.539999961853027,10.890000343322754,11.229999542236328,11.229999542236328,142913
2020-11-05,11.25,11.960000038146973,11.029800415039062,11.850000381469727,11.850000381469727,168802
2020-11-06,11.850000381469727,11.850000381469727,10.850000381469727,10.970000267028809,10.970000267028809,291532
2020-11-09,11.1899995803833,11.770000457763672,10.619999885559082,11.300000190734863,11.300000190734863,137803
2020-11-10,11.380000114440918,11.569999694824219,10.800000190734863,11.350000381469727,11.350000381469727,121346
2020-11-11,11.3100004196167,11.430000305175781,10.989999771118164,11.079999923706055,11.079999923706055,143243
2020-11-12,11.109999656677246,11.520000457763672,11.09000015258789,11.260000228881836,11.260000228881836,62218
2020-11-13,11.270000457763672,11.84000015258789,11.270000457763672,11.649999618530273,11.649999618530273,99789
2020-11-16,11.699999809265137,11.770000457763672,10.8100004196167,10.899999618530273,10.899999618530273,115236
2020-11-17,10.829999923706055,11.161399841308594,10.050000190734863,10.510000228881836,10.510000228881836,182945
2020-11-18,10.539999961853027,10.8100004196167,9.989999771118164,9.989999771118164,9.989999771118164,115131
2020-11-19,10.130000114440918,10.619999885559082,10.020000457763672,10.529999732971191,10.529999732971191,82072
2020-11-20,10.550000190734863,11.4399995803833,10.510000228881836,11.039999961853027,11.039999961853027,166997
2020-11-23,11.029999732971191,11.289999961853027,10.699999809265137,10.970000267028809,10.970000267028809,170227
2020-11-24,11.010000228881836,11.300000190734863,10.789999961853027,11.020000457763672,11.020000457763672,125238
2020-11-25,11.079999923706055,11.529999732971191,10.890000343322754,11.34000015258789,11.34000015258789,69417
2020-11-27,11.430000305175781,11.520000457763672,10.954999923706055,11.399999618530273,11.399999618530273,107602
2020-11-30,11.479999542236328,12.074999809265137,11.229999542236328,11.890000343322754,11.890000343322754,194582
2020-12-01,11.920000076293945,12.0,11.680000305175781,11.720000267028809,11.720000267028809,87972
2020-12-02,11.65999984741211,11.779999732971191,11.420000076293945,11.550000190734863,11.550000190734863,43456
2020-12-03,11.550000190734863,11.6899995803833,10.890000343322754,11.520000457763672,11.520000457763672,199397
2020-12-04,11.600000381469727,11.600000381469727,11.079999923706055,11.1899995803833,11.1899995803833,38150
2020-12-07,11.300000190734863,11.489999771118164,10.859999656677246,10.989999771118164,10.989999771118164,75363
2020-12-08,11.029999732971191,11.74020004272461,11.029999732971191,11.420000076293945,11.420000076293945,133887
2020-12-09,11.520000457763672,12.119999885559082,11.079999923706055,11.720000267028809,11.720000267028809,254460
2020-12-10,11.739999771118164,12.0,11.550000190734863,11.930000305175781,11.930000305175781,83973
2020-12-11,11.9399995803833,12.489899635314941,11.890000343322754,12.1899995803833,12.1899995803833,100766
2020-12-14,12.399999618530273,12.933899879455566,12.0,12.100000381469727,12.100000381469727,292393
2020-12-15,12.149999618530273,12.149999618530273,11.78499984741211,11.989999771118164,11.989999771118164,204759
2020-12-16,11.979999542236328,11.979999542236328,11.579999923706055,11.75,11.75,185236
2020-12-17,11.75,12.774999618530273,11.75,12.600000381469727,12.600000381469727,354324
2020-12-18,12.6899995803833,13.800000190734863,12.470000267028809,13.1899995803833,13.1899995803833,712158
2020-12-21,12.850000381469727,14.5,12.850000381469727,14.260000228881836,14.260000228881836,253537
2020-12-22,14.220000267028809,15.0600004196167,13.539999961853027,15.0,15.0,219863
2020-12-23,14.930000305175781,15.345000267028809,14.210000038146973,15.1899995803833,15.1899995803833,255893
2020-12-24,15.229999542236328,15.359999656677246,14.720000267028809,15.270000457763672,15.270000457763672,51512
2020-12-28,15.300000190734863,15.300000190734863,14.369999885559082,14.40999984741211,14.40999984741211,81326
2020-12-29,14.369999885559082,14.479999542236328,13.510000228881836,14.40999984741211,14.40999984741211,146657
2020-12-30,14.5,16.299999237060547,14.369999885559082,16.040000915527344,16.040000915527344,218327
2020-12-31,16.100000381469727,16.405000686645508,15.279999732971191,15.380000114440918,15.380000114440918,175970
2021-01-04,15.350000381469727,15.511699676513672,14.380000114440918,14.739999771118164,14.739999771118164,119486
2021-01-05,14.84000015258789,15.0600004196167,13.819999694824219,13.960000038146973,13.960000038146973,86299
2021-01-06,14.020000457763672,14.529999732971191,13.229999542236328,13.649999618530273,13.649999618530273,144385
2021-01-07,13.8100004196167,15.369999885559082,13.8100004196167,15.270000457763672,15.270000457763672,111929
2021-01-08,15.100000381469727,15.5,14.829999923706055,15.300000190734863,15.300000190734863,99657
2021-01-11,15.300000190734863,15.475000381469727,14.680000305175781,14.970000267028809,14.970000267028809,49269
2021-01-12,15.09000015258789,15.3100004196167,14.800000190734863,15.270000457763672,15.270000457763672,54469
2021-01-13,15.270000457763672,15.5600004196167,14.854999542236328,15.279999732971191,15.279999732971191,66054
2021-01-14,15.270000457763672,16.0,14.96500015258789,15.5600004196167,15.5600004196167,73939
2021-01-15,15.5600004196167,16.540000915527344,15.270000457763672,16.059999465942383,16.059999465942383,133834
2021-01-19,16.3700008392334,16.729999542236328,15.800000190734863,15.970000267028809,15.970000267028809,192423
2021-01-20,15.880000114440918,16.190000534057617,15.550100326538086,15.930000305175781,15.930000305175781,83535
2021-01-21,15.850000381469727,16.729999542236328,15.699999809265137,16.510000228881836,16.510000228881836,72448
2021-01-22,16.5,16.520000457763672,15.550000190734863,15.970000267028809,15.970000267028809,589121
2021-01-25,15.899999618530273,16.25,15.026700019836426,15.970000267028809,15.970000267028809,101687
2021-01-26,15.899999618530273,16.0,15.0,15.130000114440918,15.130000114440918,106219
2021-01-27,15.109999656677246,15.109999656677246,13.98270034790039,14.5600004196167,14.5600004196167,372878
2021-01-28,14.710000038146973,15.489999771118164,14.710000038146973,14.850000381469727,14.850000381469727,55607
2021-01-29,14.899999618530273,15.770000457763672,14.271599769592285,14.350000381469727,14.350000381469727,588419
2021-02-01,14.8100004196167,15.859999656677246,14.410099983215332,15.550000190734863,15.550000190734863,368395
2021-02-02,15.59000015258789,16.365400314331055,15.59000015258789,16.280000686645508,16.280000686645508,137778
2021-02-03,16.270000457763672,17.200000762939453,16.049999237060547,17.15999984741211,17.15999984741211,135654
2021-02-04,17.229999542236328,17.229999542236328,15.9399995803833,16.020000457763672,16.020000457763672,75972
2021-02-05,16.139999389648438,16.43000030517578,15.539999961853027,16.139999389648438,16.139999389648438,42823
2021-02-08,16.31999969482422,16.639999389648438,16.1200008392334,16.540000915527344,16.540000915527344,39681
2021-02-09,16.3700008392334,17.049999237060547,16.200000762939453,16.229999542236328,16.229999542236328,64103
2021-02-10,16.139999389648438,16.530000686645508,15.59000015258789,16.010000228881836,16.010000228881836,50434
2021-02-11,16.09000015258789,16.15999984741211,14.920000076293945,15.069999694824219,15.069999694824219,75416
2021-02-12,15.029999732971191,15.420599937438965,14.710000038146973,15.050000190734863,15.050000190734863,61031
2021-02-16,15.0600004196167,15.199999809265137,14.489999771118164,14.800000190734863,14.800000190734863,84635
2021-02-17,14.84000015258789,15.1899995803833,14.381400108337402,14.989999771118164,14.989999771118164,58657
2021-02-18,14.949999809265137,15.1899995803833,14.279999732971191,14.470000267028809,14.470000267028809,59164
2021-02-19,14.649999618530273,15.100000381469727,14.625,14.9399995803833,14.9399995803833,44923
2021-02-22,14.960000038146973,16.020000457763672,14.770000457763672,15.979999542236328,15.979999542236328,195374
2021-02-23,15.640000343322754,16.719999313354492,15.116000175476074,16.170000076293945,16.170000076293945,185496
2021-02-24,16.0,20.729999542236328,15.8100004196167,18.3700008392334,18.3700008392334,861669
2021-02-25,18.100000381469727,19.260000228881836,17.18000030517578,18.1200008392334,18.1200008392334,215512
2021-02-26,18.3799991607666,19.56999969482422,17.500099182128906,18.68000030517578,18.68000030517578,187220
2021-03-01,19.059999465942383,19.549999237060547,17.68000030517578,17.920000076293945,17.920000076293945,236493
2021-03-02,18.979999542236328,21.869400024414062,18.18000030517578,20.219999313354492,20.219999313354492,449201
2021-03-03,20.0,21.389999389648438,19.530099868774414,20.600000381469727,20.600000381469727,217059
2021-03-04,20.549999237060547,20.989999771118164,18.016799926757812,19.770000457763672,19.770000457763672,197040
2021-03-05,20.09000015258789,20.360000610351562,18.365299224853516,19.920000076293945,19.920000076293945,191599
2021-03-08,19.899999618530273,20.315000534057617,19.260000228881836,19.790000915527344,19.790000915527344,167164
2021-03-09,20.0,21.0,19.739999771118164,20.040000915527344,20.040000915527344,52800
2021-03-10,19.260000228881836,20.709999084472656,18.8799991607666,20.579999923706055,20.579999923706055,1475200
2021-03-11,20.93000030517578,21.469999313354492,19.809999465942383,21.309999465942383,21.309999465942383,416704
2021-03-12,21.299999237060547,21.940000534057617,20.290000915527344,20.549999237060547,20.549999237060547,306647
2021-03-15,20.229999542236328,21.450000762939453,19.860000610351562,20.239999771118164,20.239999771118164,214660
2021-03-16,20.360000610351562,20.899999618530273,19.209999084472656,19.5,19.5,132195
2021-03-17,19.290000915527344,19.8700008392334,18.918399810791016,19.3799991607666,19.3799991607666,203997
2021-03-18,19.389999389648438,19.700000762939453,18.010000228881836,18.3799991607666,18.3799991607666,150017
2021-03-19,18.350000381469727,19.68000030517578,18.057100296020508,18.90999984741211,18.90999984741211,149947
2021-03-22,18.940000534057617,19.5,18.610000610351562,18.93000030517578,18.93000030517578,101016
2021-03-23,18.6299991607666,18.969999313354492,17.010000228881836,17.510000228881836,17.510000228881836,256177
2021-03-24,17.56999969482422,18.079999923706055,16.530000686645508,16.65999984741211,16.65999984741211,175768
2021-03-25,17.049999237060547,18.21500015258789,16.405000686645508,17.920000076293945,17.920000076293945,183875
2021-03-26,18.0,18.770000457763672,16.979999542236328,17.479999542236328,17.479999542236328,124615
2021-03-29,17.3799991607666,17.850000381469727,16.75,17.049999237060547,17.049999237060547,89230
2021-03-30,16.739999771118164,18.010000228881836,16.65999984741211,17.489999771118164,17.489999771118164,86132
2021-03-31,17.600000381469727,18.440000534057617,17.450000762939453,17.899999618530273,17.899999618530273,123416
2021-04-01,18.0,18.889999389648438,17.299999237060547,18.889999389648438,18.889999389648438,118851
2021-04-05,18.899999618530273,19.280000686645508,18.549999237060547,18.899999618530273,18.899999618530273,65146
2021-04-06,18.790000915527344,19.360000610351562,17.860000610351562,18.350000381469727,18.350000381469727,118886
2021-04-07,18.209999084472656,18.530000686645508,17.6200008392334,17.6200008392334,17.6200008392334,39423
2021-04-08,17.790000915527344,18.220399856567383,17.219999313354492,17.389999389648438,17.389999389648438,38988
2021-04-09,17.43000030517578,17.690000534057617,17.030000686645508,17.6200008392334,17.6200008392334,49707
2021-04-12,17.739999771118164,17.739999771118164,16.93000030517578,17.530000686645508,17.530000686645508,64488
2021-04-13,17.68000030517578,18.469999313354492,17.649999618530273,18.1200008392334,18.1200008392334,65161
2021-04-14,18.31999969482422,19.700000762939453,18.31999969482422,19.479999542236328,19.479999542236328,179751
2021-04-15,19.780000686645508,21.520000457763672,19.469999313354492,20.0,20.0,458604
2021-04-16,20.190000534057617,20.719999313354492,18.940000534057617,19.6299991607666,19.6299991607666,279926
2021-04-19,19.700000762939453,20.0,19.230100631713867,19.81999969482422,19.81999969482422,127414
2021-04-20,19.780000686645508,19.99850082397461,18.190000534057617,18.549999237060547,18.549999237060547,238048
2021-04-21,18.520000457763672,18.649900436401367,17.639999389648438,18.18000030517578,18.18000030517578,105892
2021-04-22,18.170000076293945,19.899999618530273,17.989999771118164,19.040000915527344,19.040000915527344,764016
2021-04-23,19.059999465942383,19.059999465942383,17.950000762939453,17.969999313354492,17.969999313354492,95572
2021-04-26,18.25,19.690000534057617,18.094999313354492,19.1200008392334,19.1200008392334,255310
2021-04-27,19.329999923706055,19.329999923706055,18.280000686645508,18.5,18.5,61172
2021-04-28,18.40999984741211,18.7908992767334,18.020000457763672,18.360000610351562,18.360000610351562,86584
2021-04-29,18.3799991607666,18.43000030517578,17.770000457763672,18.309999465942383,18.309999465942383,50316
2021-04-30,18.329999923706055,18.68000030517578,17.950000762939453,18.31999969482422,18.31999969482422,125710
2021-05-03,18.6200008392334,19.204999923706055,17.969999313354492,18.6299991607666,18.6299991607666,152847
2021-05-04,18.670000076293945,18.75,17.950000762939453,18.350000381469727,18.350000381469727,93042
2021-05-05,18.3799991607666,18.6299991607666,18.110000610351562,18.40999984741211,18.40999984741211,74784
2021-05-06,18.360000610351562,18.700000762939453,17.34000015258789,18.139999389648438,18.139999389648438,91571
2021-05-07,18.389999389648438,18.690000534057617,17.709999084472656,18.510000228881836,18.510000228881836,134417
2021-05-10,18.420000076293945,18.65999984741211,17.799999237060547,18.15999984741211,18.15999984741211,75734
2021-05-11,18.350000381469727,18.350000381469727,17.549999237060547,17.93000030517578,17.93000030517578,111013
2021-05-12,17.760000228881836,18.170000076293945,17.1200008392334,17.43000030517578,17.43000030517578,111741
2021-05-13,17.389999389648438,18.0,16.299999237060547,16.809999465942383,16.809999465942383,102545
2021-05-14,17.1299991607666,17.479999542236328,16.46500015258789,17.34000015258789,17.34000015258789,117530
2021-05-17,17.209999084472656,17.59000015258789,16.94499969482422,17.530000686645508,17.530000686645508,69723
2021-05-18,17.5,18.329999923706055,17.03499984741211,18.100000381469727,18.100000381469727,95816
2021-05-19,18.049999237060547,18.309999465942383,17.600000381469727,17.84000015258789,17.84000015258789,191868
2021-05-20,17.959999084472656,18.204500198364258,17.270000457763672,17.889999389648438,17.889999389648438,144012
2021-05-21,18.139999389648438,20.139999389648438,17.270099639892578,19.170000076293945,19.170000076293945,391374
2021-05-24,19.139999389648438,19.440000534057617,18.520000457763672,19.010000228881836,19.010000228881836,294730
2021-05-25,19.18000030517578,19.40999984741211,18.533599853515625,18.829999923706055,18.829999923706055,109684
2021-05-26,18.899999618530273,19.274999618530273,18.56999969482422,18.8799991607666,18.8799991607666,51488
2021-05-27,18.989999771118164,19.059999465942383,18.510000228881836,18.90999984741211,18.90999984741211,174067
2021-05-28,19.079999923706055,19.329999923706055,18.219999313354492,18.469999313354492,18.469999313354492,115248
2021-06-01,18.350000381469727,19.110000610351562,18.229999542236328,18.510000228881836,18.510000228881836,246474
2021-06-02,18.809999465942383,18.809999465942383,18.010000228881836,18.729999542236328,18.729999542236328,101299
2021-06-03,18.770000457763672,19.229999542236328,18.350000381469727,18.559999465942383,18.559999465942383,71986
2021-06-04,18.719999313354492,18.729999542236328,18.25,18.549999237060547,18.549999237060547,82194
2021-06-07,18.549999237060547,19.770000457763672,18.450000762939453,19.170000076293945,19.170000076293945,210621
2021-06-08,19.18000030517578,19.510000228881836,18.700000762939453,19.149999618530273,19.149999618530273,165891
2021-06-09,19.350000381469727,20.260000228881836,19.256999969482422,19.8700008392334,19.8700008392334,285251
2021-06-10,19.799999237060547,19.930099487304688,18.989999771118164,19.0,19.0,85414
2021-06-11,18.959999084472656,19.274999618530273,18.459999084472656,18.600000381469727,18.600000381469727,96059
2021-06-14,18.729999542236328,18.903099060058594,18.459999084472656,18.5,18.5,75528
2021-06-15,18.559999465942383,18.559999465942383,17.333900451660156,17.989999771118164,17.989999771118164,353771
2021-06-16,17.950000762939453,18.200000762939453,17.56999969482422,17.969999313354492,17.969999313354492,91262
2021-06-17,18.18000030517578,18.420000076293945,17.81999969482422,18.170000076293945,18.170000076293945,121353
2021-06-18,18.010000228881836,18.139999389648438,17.549999237060547,18.049999237060547,18.049999237060547,247663
2021-06-21,18.15999984741211,18.739999771118164,17.780000686645508,18.520000457763672,18.520000457763672,2184982
2021-06-22,18.450000762939453,18.799999237060547,17.860000610351562,18.270000457763672,18.270000457763672,265858
2021-06-23,18.360000610351562,18.520000457763672,17.889999389648438,18.0,18.0,127542
2021-06-24,18.059999465942383,18.389999389648438,18.0,18.260000228881836,18.260000228881836,34606
2021-06-25,18.25,18.760000228881836,18.149999618530273,18.59000015258789,18.59000015258789,192019
2021-06-28,18.700000762939453,18.999900817871094,18.09000015258789,18.09000015258789,18.09000015258789,59088
2021-06-29,18.190000534057617,18.229999542236328,17.68000030517578,18.049999237060547,18.049999237060547,66167
2021-06-30,18.040000915527344,18.655000686645508,17.724199295043945,18.6200008392334,18.6200008392334,85769
2021-07-01,18.68000030517578,18.864999771118164,18.405500411987305,18.5,18.5,153040
2021-07-02,18.559999465942383,18.700000762939453,18.209999084472656,18.5,18.5,121723
2021-07-06,18.56999969482422,18.94499969482422,17.850000381469727,18.579999923706055,18.579999923706055,362984
2021-07-07,18.56999969482422,18.969999313354492,18.329999923706055,18.639999389648438,18.639999389648438,57782
2021-07-08,18.399999618530273,18.61989974975586,18.1299991607666,18.389999389648438,18.389999389648438,32035
2021-07-09,18.469999313354492,18.670000076293945,18.25,18.610000610351562,18.610000610351562,73323
2021-07-12,18.6200008392334,18.6200008392334,18.270000457763672,18.40999984741211,18.40999984741211,171966
2021-07-13,18.479999542236328,18.479999542236328,17.889999389648438,18.280000686645508,18.280000686645508,91393
2021-07-14,18.25,18.25,17.440000534057617,17.510000228881836,17.510000228881836,192511
2021-07-15,17.399999618530273,18.040000915527344,17.020000457763672,17.690000534057617,17.690000534057617,230030
2021-07-16,17.84000015258789,18.3799991607666,17.790000915527344,18.079999923706055,18.079999923706055,75117
2021-07-19,17.860000610351562,18.190000534057617,17.700000762939453,17.8700008392334,17.8700008392334,72430
2021-07-20,17.899999618530273,18.540000915527344,17.889999389648438,18.489999771118164,18.489999771118164,289146
2021-07-21,18.209999084472656,18.860000610351562,18.111499786376953,18.420000076293945,18.420000076293945,45942
2021-07-22,18.360000610351562,18.6200008392334,17.9955997467041,18.190000534057617,18.190000534057617,59386
2021-07-23,18.25,18.40999984741211,18.074600219726562,18.299999237060547,18.299999237060547,86970
2021-07-26,17.729999542236328,18.280000686645508,17.309999465942383,17.93000030517578,17.93000030517578,175930
2021-07-27,17.969999313354492,18.09000015258789,17.649999618530273,17.8799991607666,17.8799991607666,312332
2021-07-28,17.93000030517578,18.280000686645508,17.774999618530273,17.959999084472656,17.959999084472656,103025
2021-07-29,18.0,18.0,17.469999313354492,17.610000610351562,17.610000610351562,89897
2021-07-30,17.6200008392334,17.729999542236328,17.110000610351562,17.270000457763672,17.270000457763672,106132
2021-08-02,17.450000762939453,18.0,17.415000915527344,17.579999923706055,17.579999923706055,363532
2021-08-03,17.65999984741211,17.65999984741211,16.260000228881836,17.239999771118164,17.239999771118164,190197
2021-08-04,17.229999542236328,17.295000076293945,16.5,16.729999542236328,16.729999542236328,79509
2021-08-05,16.780000686645508,17.040000915527344,16.390100479125977,17.0,17.0,252903
2021-08-06,17.09000015258789,17.200000762939453,16.450000762939453,16.5,16.5,113144
2021-08-09,16.600000381469727,16.8700008392334,16.260000228881836,16.389999389648438,16.389999389648438,130522
2021-08-10,16.510000228881836,17.100000381469727,15.75,16.799999237060547,16.799999237060547,495748
2021-08-11,16.940000534057617,19.100000381469727,16.3799991607666,18.68000030517578,18.68000030517578,288104
2021-08-12,18.770000457763672,18.90999984741211,17.25,17.860000610351562,17.860000610351562,226288
2021-08-13,17.84000015258789,18.899999618530273,17.3799991607666,18.450000762939453,18.450000762939453,402449
2021-08-16,18.5093994140625,18.5093994140625,17.510000228881836,17.739999771118164,17.739999771118164,204441
2021-08-17,17.549999237060547,17.860000610351562,16.969999313354492,16.969999313354492,16.969999313354492,77560
2021-08-18,17.030000686645508,17.25,16.770000457763672,16.989999771118164,16.989999771118164,127450
2021-08-19,16.959999084472656,17.020000457763672,16.15999984741211,16.3799991607666,16.3799991607666,120014
2021-08-20,16.350000381469727,16.809999465942383,16.149999618530273,16.440000534057617,16.440000534057617,78630
2021-08-23,16.729999542236328,17.309999465942383,16.200000762939453,16.639999389648438,16.639999389648438,234942
2021-08-24,16.649999618530273,17.110000610351562,16.469999313354492,17.0,17.0,182261
2021-08-25,16.829999923706055,17.149999618530273,16.809999465942383,17.0,17.0,238954
2021-08-26,16.950000762939453,17.334999084472656,16.760000228881836,17.0,17.0,134800
2021-08-27,17.0,17.719900131225586,17.0,17.360000610351562,17.360000610351562,125825
2021-08-30,17.360000610351562,17.75,16.90999984741211,16.90999984741211,16.90999984741211,123786
2021-08-31,17.170000076293945,17.690000534057617,17.010000228881836,17.649999618530273,17.649999618530273,108840
2021-09-01,17.81999969482422,18.299999237060547,17.81999969482422,18.149999618530273,18.149999618530273,134731
2021-09-02,18.100000381469727,19.5,17.825000762939453,19.450000762939453,19.450000762939453,119214
2021-09-03,19.639999389648438,19.639999389648438,17.889999389648438,18.200000762939453,18.200000762939453,187700
2021-09-07,18.219999313354492,18.350000381469727,17.690000534057617,17.690000534057617,17.690000534057617,54127
2021-09-08,17.700000762939453,18.049999237060547,17.010000228881836,17.18000030517578,17.18000030517578,103808
2021-09-09,17.139999389648438,18.139999389648438,17.139999389648438,17.90999984741211,17.90999984741211,138514
2021-09-10,18.0,18.059999465942383,17.400999069213867,17.450000762939453,17.450000762939453,231407
2021-09-13,17.709999084472656,18.299999237060547,17.170000076293945,17.700000762939453,17.700000762939453,303976
2021-09-14,17.700000762939453,18.0,17.389999389648438,17.59000015258789,17.59000015258789,219640
2021-09-15,17.6200008392334,17.684999465942383,17.100000381469727,17.280000686645508,17.280000686645508,368043
2021-09-16,17.299999237060547,17.520000457763672,16.350000381469727,17.0,17.0,332250
2021-09-17,16.829999923706055,18.0,16.610000610351562,17.860000610351562,17.860000610351562,496142
2021-09-20,17.68000030517578,17.68000030517578,15.149999618530273,16.25,16.25,588101
2021-09-21,16.399999618530273,16.649999618530273,15.539999961853027,15.770000457763672,15.770000457763672,385950
2021-09-22,16.020000457763672,16.479999542236328,15.0,16.020000457763672,16.020000457763672,424495
2021-09-23,16.100000381469727,16.469999313354492,15.449999809265137,15.859999656677246,15.859999656677246,215492
2021-09-24,15.699999809265137,16.139999389648438,15.0,15.069999694824219,15.069999694824219,516298
2021-09-27,14.653499603271484,15.92590045928955,14.653499603271484,15.779999732971191,15.779999732971191,313288
2021-09-28,15.609999656677246,15.704999923706055,15.289999961853027,15.329999923706055,15.329999923706055,234119
2021-09-29,15.3100004196167,15.489999771118164,14.760000228881836,14.859999656677246,14.859999656677246,277301
2021-09-30,15.010000228881836,15.489999771118164,14.869999885559082,15.279999732971191,15.279999732971191,293059
2021-10-01,15.329999923706055,15.989999771118164,15.289999961853027,15.600000381469727,15.600000381469727,295322
2021-10-04,26.510000228881836,32.349998474121094,25.219999313354492,31.5,31.5,63786357
2021-10-05,32.18000030517578,33.70000076293945,29.360000610351562,29.989999771118164,29.989999771118164,24931149
2021-10-06,31.25,33.630001068115234,30.5,32.029998779296875,32.029998779296875,15991978
2021-10-07,31.65999984741211,32.72999954223633,31.110000610351562,31.670000076293945,31.670000076293945,1556409
2021-10-08,31.75,33.71989822387695,30.709999084472656,32.849998474121094,32.849998474121094,1778019
2021-10-11,33.15999984741211,33.45989990234375,31.399999618530273,31.649999618530273,31.649999618530273,1106468
2021-10-12,31.100000381469727,33.099998474121094,30.500999450683594,31.959999084472656,31.959999084472656,1019634
2021-10-13,31.639999389648438,32.54999923706055,31.1200008392334,31.979999542236328,31.979999542236328,602024
2021-10-14,32.08000183105469,34.869998931884766,32.08000183105469,32.959999084472656,32.959999084472656,1738801
2021-10-15,32.65999984741211,34.15999984741211,32.099998474121094,33.65999984741211,33.65999984741211,1182169
2021-10-18,33.72999954223633,33.72999954223633,29.809999465942383,30.719999313354492,30.719999313354492,1786537
2021-10-19,30.420000076293945,31.209999084472656,29.18000030517578,29.809999465942383,29.809999465942383,949672
2021-10-20,29.760000228881836,31.100000381469727,29.655000686645508,30.350000381469727,30.350000381469727,573005
2021-10-21,30.43000030517578,30.895000457763672,29.975000381469727,30.6299991607666,30.6299991607666,324199
2021-10-22,30.75,31.280000686645508,30.204999923706055,30.860000610351562,30.860000610351562,538401
2021-10-25,30.940000534057617,31.860000610351562,30.329999923706055,30.729999542236328,30.729999542236328,642119
2021-10-26,30.5,31.190000534057617,30.385000228881836,30.56999969482422,30.56999969482422,342602
2021-10-27,30.3799991607666,30.610000610351562,29.6200008392334,30.09000015258789,30.09000015258789,686449
2021-10-28,30.25,31.329999923706055,29.389999389648438,30.690000534057617,30.690000534057617,816242
2021-10-29,30.5,31.5,30.239999771118164,31.149999618530273,31.149999618530273,416488
2021-11-01,31.040000915527344,33.439998626708984,30.549999237060547,33.310001373291016,33.310001373291016,732189
2021-11-02,32.869998931884766,34.27000045776367,32.2400016784668,34.08000183105469,34.08000183105469,679674
2021-11-03,34.290000915527344,35.880001068115234,33.79999923706055,34.099998474121094,34.099998474121094,806451
2021-11-04,34.0099983215332,36.349998474121094,33.010501861572266,34.779998779296875,34.779998779296875,528944
2021-11-05,34.779998779296875,35.630001068115234,33.869998931884766,35.400001525878906,35.400001525878906,502183
2021-11-08,35.529998779296875,36.41999816894531,35.16999816894531,35.209999084472656,35.209999084472656,342947
2021-11-09,34.790000915527344,35.31999969482422,32.83000183105469,35.25,35.25,415976
2021-11-10,35.380001068115234,35.492000579833984,33.279998779296875,33.790000915527344,33.790000915527344,257451
2021-11-11,33.5,35.21390151977539,31.229999542236328,31.690000534057617,31.690000534057617,860535
2021-11-12,32.22999954223633,32.310001373291016,30.68000030517578,31.459999084472656,31.459999084472656,372558
2021-11-15,31.700000762939453,32.47999954223633,31.100000381469727,31.68000030517578,31.68000030517578,255887
2021-11-16,31.889999389648438,32.63999938964844,31.280000686645508,31.989999771118164,31.989999771118164,348292
2021-11-17,31.260000228881836,31.979999542236328,30.18000030517578,30.6299991607666,30.6299991607666,746303
2021-11-18,30.770000457763672,30.770000457763672,28.579999923706055,29.280000686645508,29.280000686645508,959091
2021-11-19,28.69499969482422,30.040000915527344,28.510000228881836,28.989999771118164,28.989999771118164,688914
2021-11-22,28.889999389648438,28.889999389648438,27.0,27.1299991607666,27.1299991607666,710274
2021-11-23,27.149999618530273,28.270000457763672,26.760000228881836,28.06999969482422,28.06999969482422,415376
2021-11-24,28.200000762939453,28.799999237060547,27.06999969482422,28.190000534057617,28.190000534057617,289096
2021-11-26,28.06999969482422,28.729999542236328,26.899999618530273,27.440000534057617,27.440000534057617,383799
2021-11-29,27.559999465942383,28.25,26.360000610351562,26.790000915527344,26.790000915527344,510482
2021-11-30,26.979999542236328,27.6299991607666,25.75,26.700000762939453,26.700000762939453,1078054
2021-12-01,26.739999771118164,27.219999313354492,25.75,25.829999923706055,25.829999923706055,467257
2021-12-02,26.06999969482422,26.729999542236328,25.1200008392334,25.8799991607666,25.8799991607666,251163
2021-12-03,26.450000762939453,27.0,23.459999084472656,24.760000228881836,24.760000228881836,1672813
2021-12-06,24.440000534057617,25.21500015258789,23.260000228881836,24.729999542236328,24.729999542236328,758360
2021-12-07,25.34000015258789,26.59000015258789,24.56999969482422,25.8700008392334,25.8700008392334,285422
2021-12-08,26.549999237060547,27.56999969482422,25.690000534057617,27.450000762939453,27.450000762939453,552917
2021-12-09,27.100000381469727,27.579999923706055,26.274999618530273,26.40999984741211,26.40999984741211,406163
2021-12-10,26.489999771118164,27.0,25.610000610351562,25.850000381469727,25.850000381469727,269431
2021-12-13,25.799999237060547,27.1200008392334,25.3700008392334,26.110000610351562,26.110000610351562,284464
2021-12-14,25.739999771118164,25.969999313354492,24.360000610351562,25.510000228881836,25.510000228881836,402228
2021-12-15,25.549999237060547,26.719999313354492,24.671899795532227,26.56999969482422,26.56999969482422,353010
2021-12-16,26.75,27.559999465942383,26.299999237060547,26.389999389648438,26.389999389648438,295693
2021-12-17,26.030000686645508,28.270000457763672,25.489999771118164,28.100000381469727,28.100000381469727,396307
2021-12-20,28.020000457763672,29.06999969482422,27.5,28.610000610351562,28.610000610351562,317210
2021-12-21,28.93000030517578,29.760000228881836,28.09000015258789,29.450000762939453,29.450000762939453,214998
2021-12-22,29.540000915527344,29.690000534057617,28.200000762939453,29.600000381469727,29.600000381469727,321016
2021-12-23,29.3799991607666,30.610000610351562,29.3700008392334,30.5,30.5,233218
2021-12-27,30.770000457763672,31.350000381469727,30.270000457763672,31.219999313354492,31.219999313354492,512288
2021-12-28,31.15999984741211,31.75,30.5,31.5,31.5,230984
2021-12-29,31.290000915527344,31.719999313354492,30.520000457763672,31.40999984741211,31.40999984741211,177120
2021-12-30,31.459999084472656,32.380001068115234,31.329999923706055,31.989999771118164,31.989999771118164,202411
2021-12-31,32.16999816894531,32.19499969482422,31.209999084472656,31.239999771118164,31.239999771118164,154283
2022-01-03,31.299999237060547,32.9900016784668,30.860000610351562,31.59000015258789,31.59000015258789,348164
2022-01-04,31.459999084472656,31.549999237060547,29.540000915527344,30.010000228881836,30.010000228881836,314314
2022-01-05,30.1299991607666,31.290000915527344,29.530000686645508,30.5,30.5,438315
2022-01-06,30.610000610351562,32.05500030517578,30.415000915527344,31.049999237060547,31.049999237060547,435335
2022-01-07,30.75,31.31999969482422,29.81999969482422,30.5,30.5,585165
2022-01-10,30.399999618530273,30.399999618530273,27.799999237060547,28.709999084472656,28.709999084472656,1103523
2022-01-11,28.850000381469727,30.684999465942383,28.850000381469727,30.40999984741211,30.40999984741211,832795
2022-01-12,30.889999389648438,30.985000610351562,29.56999969482422,29.600000381469727,29.600000381469727,138297
2022-01-13,29.15999984741211,29.565000534057617,28.309999465942383,29.1299991607666,29.1299991607666,259752
2022-01-14,29.190000534057617,32.18000030517578,28.149999618530273,31.959999084472656,31.959999084472656,672670
2022-01-18,31.204999923706055,32.209999084472656,30.6299991607666,30.81999969482422,30.81999969482422,513469
2022-01-19,31.010000228881836,33.02000045776367,30.860000610351562,31.610000610351562,31.610000610351562,916860
2022-01-20,31.3799991607666,31.819900512695312,28.84000015258789,29.1200008392334,29.1200008392334,665694
2022-01-21,28.809999465942383,29.280000686645508,25.8700008392334,26.0,26.0,778779
2022-01-24,26.010000228881836,27.25,24.59749984741211,27.100000381469727,27.100000381469727,824439
2022-01-25,26.600000381469727,27.399999618530273,25.760000228881836,26.290000915527344,26.290000915527344,926626
2022-01-26,26.68000030517578,27.829999923706055,26.030000686645508,26.479999542236328,26.479999542236328,217541
2022-01-27,26.469999313354492,26.719999313354492,24.899999618530273,25.09000015258789,25.09000015258789,367990
2022-01-28,25.520000457763672,26.170000076293945,24.700000762939453,26.15999984741211,26.15999984741211,189330
2022-01-31,25.84000015258789,27.372800827026367,25.84000015258789,27.1200008392334,27.1200008392334,445443
2022-02-01,26.959999084472656,29.90999984741211,26.834999084472656,29.639999389648438,29.639999389648438,650223
2022-02-02,29.829999923706055,30.110000610351562,29.34000015258789,29.530000686645508,29.530000686645508,323519
2022-02-03,29.0,29.540000915527344,28.639999389648438,28.719999313354492,28.719999313354492,359131
2022-02-04,28.559999465942383,28.84000015258789,27.690000534057617,28.0,28.0,559230
2022-02-07,27.690000534057617,29.350000381469727,27.600000381469727,28.920000076293945,28.920000076293945,335747
2022-02-08,29.139999389648438,30.135000228881836,28.200000762939453,30.020000457763672,30.020000457763672,190389
2022-02-09,30.290000915527344,31.979999542236328,30.280000686645508,31.899999618530273,31.899999618530273,360614
2022-02-10,30.75,32.720001220703125,30.260000228881836,30.600000381469727,30.600000381469727,220026
2022-02-11,30.600000381469727,31.489999771118164,28.760000228881836,30.559999465942383,30.559999465942383,198153
2022-02-14,30.780000686645508,31.360000610351562,29.559999465942383,30.600000381469727,30.600000381469727,154600
2022-02-15,31.1299991607666,32.970001220703125,31.106300354003906,32.790000915527344,32.790000915527344,391688
2022-02-16,32.619998931884766,33.45000076293945,31.81999969482422,33.130001068115234,33.130001068115234,302455
2022-02-17,32.7599983215332,33.040000915527344,30.8700008392334,31.239999771118164,31.239999771118164,367279
2022-02-18,31.15999984741211,32.13999938964844,30.639999389648438,31.31999969482422,31.31999969482422,175277
2022-02-22,30.959999084472656,31.600000381469727,30.320199966430664,30.8799991607666,30.8799991607666,239090
2022-02-23,31.260000228881836,32.22990036010742,27.59000015258789,27.860000610351562,27.860000610351562,1031385
2022-02-24,27.06999969482422,29.239999771118164,26.940000534057617,29.209999084472656,29.209999084472656,264097
2022-02-25,29.469999313354492,31.290000915527344,29.465900421142578,31.040000915527344,31.040000915527344,440218
2022-02-28,30.850000381469727,31.915000915527344,30.40999984741211,31.700000762939453,31.700000762939453,385736
2022-03-01,31.399999618530273,32.54999923706055,31.239999771118164,31.760000228881836,31.760000228881836,395682
2022-03-02,28.75,33.41999816894531,27.1299991607666,32.7400016784668,32.7400016784668,477515
2022-03-03,32.77000045776367,32.77000045776367,31.030000686645508,31.420000076293945,31.420000076293945,244588
2022-03-04,30.559999465942383,31.739999771118164,29.790000915527344,30.229999542236328,30.229999542236328,415067
2022-03-07,30.18000030517578,30.8799991607666,29.020000457763672,30.209999084472656,30.209999084472656,438752
2022-03-08,30.40999984741211,31.219999313354492,29.59000015258789,30.450000762939453,30.450000762939453,391159
2022-03-09,30.739999771118164,31.899999618530273,30.059999465942383,30.760000228881836,30.760000228881836,372778
2022-03-10,30.450000762939453,30.729999542236328,29.559999465942383,30.010000228881836,30.010000228881836,277727
2022-03-11,30.399999618530273,30.709999084472656,28.770000457763672,28.979999542236328,28.979999542236328,200689
2022-03-14,28.950000762939453,29.709999084472656,27.5,27.790000915527344,27.790000915527344,244203
2022-03-15,27.670000076293945,28.270000457763672,26.8700008392334,28.06999969482422,28.06999969482422,211320
2022-03-16,28.649999618530273,29.68000030517578,27.59119987487793,29.469999313354492,29.469999313354492,151334
2022-03-17,29.3799991607666,31.360000610351562,29.30500030517578,30.829999923706055,30.829999923706055,183471
2022-03-18,30.5,32.970001220703125,29.65999984741211,32.650001525878906,32.650001525878906,556957
2022-03-21,32.599998474121094,32.599998474121094,30.920000076293945,31.520000457763672,31.520000457763672,292913
2022-03-22,31.860000610351562,33.04899978637695,31.4950008392334,32.5099983215332,32.5099983215332,249519
2022-03-23,32.45000076293945,32.45000076293945,29.700000762939453,29.729999542236328,29.729999542236328,1025819
2022-03-24,30.010000228881836,31.59000015258789,29.0,30.350000381469727,30.350000381469727,1964008
2022-03-25,30.299999237060547,30.46500015258789,28.899999618530273,29.65999984741211,29.65999984741211,505816
2022-03-28,29.420000076293945,30.1299991607666,28.545000076293945,28.790000915527344,28.790000915527344,325992
2022-03-29,29.010000228881836,30.760000228881836,29.010000228881836,30.530000686645508,30.530000686645508,374755
2022-03-30,30.209999084472656,30.950000762939453,30.040000915527344,30.1200008392334,30.1200008392334,200752
2022-03-31,30.139999389648438,31.040000915527344,29.899999618530273,30.56999969482422,30.56999969482422,222893
2022-04-01,30.860000610351562,32.470001220703125,30.81999969482422,32.36000061035156,32.36000061035156,362265
2022-04-04,32.720001220703125,34.209999084472656,32.15999984741211,34.150001525878906,34.150001525878906,546367
2022-04-05,34.08000183105469,35.689998626708984,33.939998626708984,35.15999984741211,35.15999984741211,1036772
2022-04-06,34.66999816894531,35.369998931884766,33.88999938964844,34.93000030517578,34.93000030517578,774546
2022-04-07,34.849998474121094,35.22999954223633,33.02000045776367,34.29999923706055,34.29999923706055,785736
2022-04-08,34.5,35.189998626708984,33.369998931884766,34.70000076293945,34.70000076293945,476825
2022-04-11,34.27000045776367,34.47999954223633,31.139999389648438,31.809999465942383,31.809999465942383,789022
2022-04-12,32.04999923706055,32.959999084472656,31.06999969482422,31.520000457763672,31.520000457763672,316056
2022-04-13,31.75,34.5,31.75,34.119998931884766,34.119998931884766,287180
2022-04-14,34.060001373291016,34.35369873046875,33.400001525878906,33.77000045776367,33.77000045776367,165748
2022-04-18,33.650001525878906,33.650001525878906,32.20000076293945,32.61000061035156,32.61000061035156,215210
2022-04-19,32.75,33.88999938964844,32.435001373291016,33.33000183105469,33.33000183105469,127326
2022-04-20,33.779998779296875,34.95000076293945,32.849998474121094,33.83000183105469,33.83000183105469,378889
2022-04-21,34.029998779296875,34.94900131225586,32.599998474121094,32.720001220703125,32.720001220703125,257020
2022-04-22,32.599998474121094,33.255001068115234,31.920000076293945,32.189998626708984,32.189998626708984,174932
2022-04-25,31.739999771118164,33.470001220703125,31.65999984741211,32.97999954223633,32.97999954223633,207830
2022-04-26,32.93000030517578,32.93000030517578,31.219999313354492,31.420000076293945,31.420000076293945,308025
2022-04-27,31.149999618530273,31.43000030517578,30.000999450683594,30.479999542236328,30.479999542236328,463086
2022-04-28,31.110000610351562,31.110000610351562,28.940000534057617,29.899999618530273,29.899999618530273,466103
2022-04-29,29.6200008392334,30.360000610351562,27.670000076293945,28.270000457763672,28.270000457763672,605335
2022-05-02,28.110000610351562,29.940000534057617,28.0,29.049999237060547,29.049999237060547,787782
2022-05-03,29.020000457763672,30.149999618530273,28.360000610351562,28.649999618530273,28.649999618530273,460607
2022-05-04,28.899999618530273,29.809999465942383,27.389999389648438,29.6200008392334,29.6200008392334,584733
2022-05-05,29.459999084472656,29.979999542236328,27.93000030517578,28.270000457763672,28.270000457763672,167052
2022-05-06,27.84000015258789,27.850000381469727,26.15999984741211,27.229999542236328,27.229999542236328,442952
2022-05-09,26.540000915527344,26.729999542236328,24.940000534057617,25.440000534057617,25.440000534057617,750247
2022-05-10,26.639999389648438,28.739999771118164,25.079999923706055,28.56999969482422,28.56999969482422,1136975
2022-05-11,27.049999237060547,29.709999084472656,25.899999618530273,26.940000534057617,26.940000534057617,631780
2022-05-12,26.399999618530273,27.6200008392334,25.90999984741211,27.440000534057617,27.440000534057617,438683
2022-05-13,28.0,29.84000015258789,28.0,29.780000686645508,29.780000686645508,673346
2022-05-16,29.639999389648438,30.670000076293945,29.010000228881836,29.920000076293945,29.920000076293945,288510
2022-05-17,30.549999237060547,31.649999618530273,29.950000762939453,30.8700008392334,30.8700008392334,304846
2022-05-18,30.06999969482422,31.239999771118164,29.040000915527344,29.239999771118164,29.239999771118164,469173
2022-05-19,28.889999389648438,29.670000076293945,28.420000076293945,28.520000457763672,28.520000457763672,546968
2022-05-20,28.979999542236328,29.860000610351562,27.950000762939453,29.139999389648438,29.139999389648438,304858
2022-05-23,29.280000686645508,29.770000457763672,28.100000381469727,28.420000076293945,28.420000076293945,417399
2022-05-24,27.889999389648438,27.889999389648438,26.450000762939453,26.489999771118164,26.489999771118164,770255
2022-05-25,26.450000762939453,26.799999237060547,25.7549991607666,26.530000686645508,26.530000686645508,417116
2022-05-26,26.329999923706055,27.0,25.729999542236328,26.540000915527344,26.540000915527344,469209
2022-05-27,26.780000686645508,27.860000610351562,26.1200008392334,27.489999771118164,27.489999771118164,839362
2022-05-31,27.540000915527344,27.540000915527344,25.975000381469727,26.350000381469727,26.350000381469727,391823
2022-06-01,26.5,26.979999542236328,25.920000076293945,26.68000030517578,26.68000030517578,712184
2022-06-02,26.780000686645508,28.200000762939453,26.40999984741211,28.0,28.0,441648
2022-06-03,27.829999923706055,30.135000228881836,27.299999237060547,29.610000610351562,29.610000610351562,546228
2022-06-06,29.940000534057617,30.040000915527344,28.950000762939453,29.950000762939453,29.950000762939453,451227
2022-06-07,29.610000610351562,30.489999771118164,28.950000762939453,30.25,30.25,323850
2022-06-08,30.219999313354492,31.332700729370117,29.260000228881836,30.829999923706055,30.829999923706055,269988
2022-06-09,30.559999465942383,31.329999923706055,29.360000610351562,29.68000030517578,29.68000030517578,325427
2022-06-10,29.25,29.25,28.049999237060547,28.059999465942383,28.059999465942383,251138
2022-06-13,26.93000030517578,28.040000915527344,26.25,27.239999771118164,27.239999771118164,486884
2022-06-14,27.479999542236328,28.8799991607666,27.065000534057617,28.469999313354492,28.469999313354492,324448
2022-06-15,28.690000534057617,29.09000015258789,27.6200008392334,28.809999465942383,28.809999465942383,171217
2022-06-16,28.219999313354492,28.799999237060547,27.360000610351562,28.739999771118164,28.739999771118164,199822
2022-06-17,28.84000015258789,30.780000686645508,28.790000915527344,30.479999542236328,30.479999542236328,512235
2022-06-21,31.219999313354492,33.61000061035156,31.0,32.970001220703125,32.970001220703125,679282
2022-06-22,32.84000015258789,35.15999984741211,30.989999771118164,34.70000076293945,34.70000076293945,628457
2022-06-23,30.610000610351562,32.400001525878906,30.5,31.709999084472656,31.709999084472656,4520962
2022-06-24,32.31999969482422,34.0,29.899999618530273,31.0,31.0,1490933
2022-06-27,30.739999771118164,32.095001220703125,30.399999618530273,31.459999084472656,31.459999084472656,454306
2022-06-28,31.459999084472656,31.6200008392334,30.079999923706055,30.110000610351562,30.110000610351562,399622
2022-06-29,29.829999923706055,31.3799991607666,29.579999923706055,30.899999618530273,30.899999618530273,627969
2022-06-30,30.59000015258789,31.059999465942383,29.75,30.420000076293945,30.420000076293945,385658
2022-07-01,30.270000457763672,30.969999313354492,29.920000076293945,30.790000915527344,30.790000915527344,236450
2022-07-05,30.6200008392334,31.649999618530273,28.979999542236328,31.600000381469727,31.600000381469727,264718
2022-07-06,31.700000762939453,34.060001373291016,31.600000381469727,33.310001373291016,33.310001373291016,913939
2022-07-07,33.459999084472656,34.06999969482422,32.22999954223633,32.33000183105469,32.33000183105469,558115
2022-07-08,32.15999984741211,33.52000045776367,31.8700008392334,33.439998626708984,33.439998626708984,638901
2022-07-11,33.349998474121094,34.15999984741211,32.68000030517578,33.09000015258789,33.09000015258789,391049
2022-07-12,33.279998779296875,33.279998779296875,30.959999084472656,32.65999984741211,32.65999984741211,462855
2022-07-13,32.060001373291016,33.599998474121094,31.299999237060547,33.08000183105469,33.08000183105469,304710
2022-07-14,33.11000061035156,33.279998779296875,31.81999969482422,31.979999542236328,31.979999542236328,302183
2022-07-15,32.150001525878906,32.52000045776367,31.09000015258789,32.189998626708984,32.189998626708984,242313
2022-07-18,32.290000915527344,32.77000045776367,30.989999771118164,31.170000076293945,31.170000076293945,219669
2022-07-19,31.739999771118164,32.70000076293945,31.510000228881836,32.689998626708984,32.689998626708984,148707
2022-07-20,32.54999923706055,34.459999084472656,32.52479934692383,33.90999984741211,33.90999984741211,589566
2022-07-21,35.279998779296875,35.720001220703125,34.400001525878906,34.93000030517578,34.93000030517578,547925
2022-07-22,35.08000183105469,35.20000076293945,32.189998626708984,32.439998626708984,32.439998626708984,317592
2022-07-25,32.58000183105469,32.58000183105469,31.8799991607666,32.369998931884766,32.369998931884766,192660
2022-07-26,32.36000061035156,33.555599212646484,32.06999969482422,32.720001220703125,32.720001220703125,220548
2022-07-27,32.91999816894531,34.21500015258789,32.750999450683594,33.58000183105469,33.58000183105469,255890
2022-07-28,33.45000076293945,34.18000030517578,32.380001068115234,33.5,33.5,216591
2022-07-29,33.189998626708984,33.959999084472656,32.80009841918945,33.150001525878906,33.150001525878906,157392
2022-08-01,33.20000076293945,33.5099983215332,31.68000030517578,31.68000030517578,31.68000030517578,319570
2022-08-02,31.260000228881836,33.11000061035156,31.139999389648438,32.0099983215332,32.0099983215332,453925
2022-08-03,32.59000015258789,34.06999969482422,32.59000015258789,33.650001525878906,33.650001525878906,273643
2022-08-04,34.0099983215332,36.86000061035156,33.709999084472656,36.279998779296875,36.279998779296875,743151
2022-08-05,35.66999816894531,39.81999969482422,35.54999923706055,38.470001220703125,38.470001220703125,1181618
2022-08-08,38.790000915527344,40.34000015258789,38.31999969482422,39.650001525878906,39.650001525878906,715982
2022-08-09,39.599998474121094,40.09000015258789,38.5,39.349998474121094,39.349998474121094,380131
2022-08-10,40.02000045776367,40.923301696777344,38.310001373291016,39.68000030517578,39.68000030517578,566534
2022-08-11,39.939998626708984,41.38999938964844,37.68000030517578,38.02000045776367,38.02000045776367,432854
2022-08-12,37.91999816894531,39.4900016784668,37.13529968261719,37.88999938964844,37.88999938964844,765203
2022-08-15,37.709999084472656,38.41999816894531,37.40999984741211,37.56999969482422,37.56999969482422,337665
2022-08-16,37.599998474121094,39.36000061035156,37.220001220703125,38.18000030517578,38.18000030517578,739630
2022-08-17,37.16999816894531,37.86000061035156,35.849998474121094,36.400001525878906,36.400001525878906,561541
2022-08-18,36.52000045776367,37.849998474121094,35.61000061035156,37.45000076293945,37.45000076293945,500043
2022-08-19,37.08000183105469,38.27000045776367,36.43000030517578,37.0,37.0,269423
2022-08-22,36.70000076293945,37.630001068115234,36.33000183105469,36.97999954223633,36.97999954223633,274786
2022-08-23,37.06999969482422,39.47999954223633,36.97999954223633,38.9900016784668,38.9900016784668,573012
2022-08-24,38.970001220703125,40.93000030517578,38.67380142211914,39.81999969482422,39.81999969482422,736662
2022-08-25,40.0099983215332,40.099998474121094,37.0099983215332,37.939998626708984,37.939998626708984,356954
2022-08-26,37.83000183105469,38.220001220703125,36.58000183105469,36.970001220703125,36.970001220703125,242305
2022-08-29,37.11000061035156,38.810001373291016,36.63999938964844,38.20000076293945,38.20000076293945,334934
2022-08-30,38.2599983215332,38.540000915527344,36.91999816894531,37.86000061035156,37.86000061035156,210053
2022-08-31,38.20000076293945,39.2400016784668,38.02000045776367,38.810001373291016,38.810001373291016,378988
2022-09-01,38.540000915527344,39.79999923706055,37.43000030517578,39.529998779296875,39.529998779296875,424261
2022-09-02,39.90999984741211,40.115501403808594,38.61000061035156,39.0,39.0,355457
2022-09-06,38.58000183105469,38.606998443603516,36.67499923706055,37.08000183105469,37.08000183105469,364303
2022-09-07,37.0099983215332,37.779998779296875,36.75,37.619998931884766,37.619998931884766,281574
2022-09-08,37.41999816894531,38.40999984741211,36.5099983215332,38.36000061035156,38.36000061035156,1335869
2022-09-09,38.77000045776367,39.18000030517578,37.380001068115234,37.529998779296875,37.529998779296875,301185
2022-09-12,37.61000061035156,39.369998931884766,36.70000076293945,38.84000015258789,38.84000015258789,354302
2022-09-13,37.720001220703125,38.279998779296875,36.83000183105469,37.9900016784668,37.9900016784668,293701
2022-09-14,38.08000183105469,39.689998626708984,37.54999923706055,38.810001373291016,38.810001373291016,254302
2022-09-15,38.7599983215332,39.560001373291016,38.15999984741211,39.29999923706055,39.29999923706055,243738
2022-09-16,38.650001525878906,38.650001525878906,36.86000061035156,37.310001373291016,37.310001373291016,306552
2022-09-19,37.06999969482422,38.099998474121094,36.150001525878906,37.880001068115234,37.880001068115234,433273
2022-09-20,37.83000183105469,38.060001373291016,36.66999816894531,37.529998779296875,37.529998779296875,160818
2022-09-21,37.790000915527344,38.84000015258789,37.0,37.459999084472656,37.459999084472656,413668
2022-09-22,37.2400016784668,37.380001068115234,35.88999938964844,37.09000015258789,37.09000015258789,272502
2022-09-23,36.7599983215332,36.7599983215332,34.91999816894531,35.529998779296875,35.529998779296875,343731
2022-09-26,35.41999816894531,36.650001525878906,35.2599983215332,35.90999984741211,35.90999984741211,353300
2022-09-27,36.34000015258789,37.29999923706055,35.70000076293945,36.0,36.0,267095
2022-09-28,36.38999938964844,37.060001373291016,35.70000076293945,36.5,36.5,338909
2022-09-29,36.349998474121094,36.650001525878906,35.34000015258789,35.88999938964844,35.88999938964844,255497
2022-09-30,35.86000061035156,37.5,35.86000061035156,36.099998474121094,36.099998474121094,615410
2022-10-03,36.34000015258789,36.34000015258789,35.11000061035156,36.040000915527344,36.040000915527344,650538
2022-10-04,36.75,38.40999984741211,36.65999984741211,36.959999084472656,36.959999084472656,393855
2022-10-05,36.72999954223633,37.79999923706055,36.11000061035156,37.130001068115234,37.130001068115234,379604
2022-10-06,37.029998779296875,38.380001068115234,36.650001525878906,38.29999923706055,38.29999923706055,191089
2022-10-07,38.15999984741211,38.709999084472656,36.68000030517578,36.689998626708984,36.689998626708984,341042
2022-10-10,36.439998626708984,36.459999084472656,34.38999938964844,34.4900016784668,34.4900016784668,591713
2022-10-11,35.0,35.8849983215332,34.029998779296875,34.66999816894531,34.66999816894531,198885
2022-10-12,34.720001220703125,35.599998474121094,34.29999923706055,35.439998626708984,35.439998626708984,176179
2022-10-13,34.7400016784668,36.40999984741211,34.334999084472656,36.130001068115234,36.130001068115234,194698
2022-10-14,36.33000183105469,36.650001525878906,34.529998779296875,34.66999816894531,34.66999816894531,464273
2022-10-17,34.88999938964844,35.59000015258789,34.689998626708984,34.7599983215332,34.7599983215332,132905
2022-10-18,35.119998931884766,36.130001068115234,35.119998931884766,35.52000045776367,35.52000045776367,183107
2022-10-19,35.880001068115234,35.91999816894531,34.845001220703125,35.119998931884766,35.119998931884766,205079
2022-10-20,35.119998931884766,37.05500030517578,35.09000015258789,36.150001525878906,36.150001525878906,429254
2022-10-21,36.22999954223633,36.529998779296875,35.64500045776367,36.20000076293945,36.20000076293945,207471
2022-10-24,36.380001068115234,36.38999938964844,35.25,35.650001525878906,35.650001525878906,333560
2022-10-25,35.90999984741211,36.744998931884766,35.47999954223633,36.619998931884766,36.619998931884766,335371
2022-10-26,36.84000015258789,37.349998474121094,36.06999969482422,36.47999954223633,36.47999954223633,186647
2022-10-27,36.81999969482422,37.03379821777344,35.900001525878906,36.36000061035156,36.36000061035156,221648
2022-10-28,36.47999954223633,37.474998474121094,36.02000045776367,37.34000015258789,37.34000015258789,361355
2022-10-31,37.380001068115234,37.939998626708984,36.349998474121094,36.56999969482422,36.56999969482422,276328
2022-11-01,37.0,38.61000061035156,36.58000183105469,37.119998931884766,37.119998931884766,253040
2022-11-02,37.119998931884766,37.7400016784668,36.15999984741211,36.93000030517578,36.93000030517578,633141
2022-11-03,36.59000015258789,37.22999954223633,35.75,36.56999969482422,36.56999969482422,472813
2022-11-04,36.869998931884766,36.869998931884766,34.849998474121094,35.70000076293945,35.70000076293945,272161
2022-11-07,35.72999954223633,36.36000061035156,34.71500015258789,34.77000045776367,34.77000045776367,368524
2022-11-08,35.119998931884766,36.650001525878906,34.810001373291016,35.400001525878906,35.400001525878906,625489
2022-11-09,34.5,35.41999816894531,31.790000915527344,33.060001373291016,33.060001373291016,905393
2022-11-10,34.13999938964844,35.779998779296875,33.959999084472656,34.79999923706055,34.79999923706055,362827
2022-11-11,34.560001373291016,35.2599983215332,33.79499816894531,34.40999984741211,34.40999984741211,597605
2022-11-14,34.439998626708984,35.01499938964844,33.474998474121094,34.290000915527344,34.290000915527344,350512
2022-11-15,35.06999969482422,36.09000015258789,34.709999084472656,34.790000915527344,34.790000915527344,424508
2022-11-16,34.849998474121094,34.9900016784668,33.060001373291016,33.060001373291016,33.060001373291016,346244
2022-11-17,32.970001220703125,33.60499954223633,32.5099983215332,33.470001220703125,33.470001220703125,168493
2022-11-18,33.90999984741211,34.869998931884766,33.775001525878906,34.31999969482422,34.31999969482422,276004
2022-11-21,34.22999954223633,34.474998474121094,33.459999084472656,34.0,34.0,385388
2022-11-22,34.130001068115234,34.7599983215332,33.70000076293945,34.689998626708984,34.689998626708984,243460
2022-11-23,34.810001373291016,35.4900016784668,34.150001525878906,34.369998931884766,34.369998931884766,411507
2022-11-25,34.18000030517578,35.04999923706055,34.11000061035156,34.810001373291016,34.810001373291016,75000
2022-11-28,35.29999923706055,36.5099983215332,35.29999923706055,36.470001220703125,36.470001220703125,384177
2022-11-29,36.34000015258789,37.189998626708984,36.17499923706055,36.38999938964844,36.38999938964844,286684
2022-11-30,36.349998474121094,37.439998626708984,35.880001068115234,36.880001068115234,36.880001068115234,786886
2022-12-01,36.970001220703125,37.41999816894531,36.16999816894531,36.93000030517578,36.93000030517578,410131
2022-12-02,36.720001220703125,38.900001525878906,36.47999954223633,38.88999938964844,38.88999938964844,400274
2022-12-05,38.959999084472656,39.29999923706055,38.349998474121094,38.83000183105469,38.83000183105469,254417
2022-12-06,38.540000915527344,38.619998931884766,37.45000076293945,37.9900016784668,37.9900016784668,309577
2022-12-07,37.900001525878906,38.0,35.91999816894531,36.02000045776367,36.02000045776367,286208
2022-12-08,36.13999938964844,37.359901428222656,35.63999938964844,36.529998779296875,36.529998779296875,340522
2022-12-09,36.34000015258789,37.279998779296875,35.834999084472656,36.20000076293945,36.20000076293945,311493
2022-12-12,36.81999969482422,38.45000076293945,36.34000015258789,38.189998626708984,38.189998626708984,793024
2022-12-13,38.709999084472656,38.86000061035156,37.75,38.06999969482422,38.06999969482422,428544
2022-12-14,38.880001068115234,40.060001373291016,38.1349983215332,38.7400016784668,38.7400016784668,520397
2022-12-15,38.599998474121094,38.79999923706055,37.70500183105469,38.16999816894531,38.16999816894531,302711
2022-12-16,38.0099983215332,38.9900016784668,37.630001068115234,38.83000183105469,38.83000183105469,344883
2022-12-19,39.119998931884766,39.119998931884766,37.7400016784668,38.11000061035156,38.11000061035156,343720
2022-12-20,37.900001525878906,38.599998474121094,37.619998931884766,38.36000061035156,38.36000061035156,533794
2022-12-21,38.5,39.93000030517578,38.3650016784668,39.20000076293945,39.20000076293945,357463
2022-12-22,38.9900016784668,39.65140151977539,38.970001220703125,39.099998474121094,39.099998474121094,329822
2022-12-23,38.970001220703125,39.349998474121094,36.779998779296875,38.08000183105469,38.08000183105469,418562
2022-12-27,38.369998931884766,38.369998931884766,37.470001220703125,37.70000076293945,37.70000076293945,213351
2022-12-28,37.83000183105469,38.5,37.41999816894531,38.099998474121094,38.099998474121094,232330
2022-12-29,38.34000015258789,39.86000061035156,37.900001525878906,39.16999816894531,39.16999816894531,234444
2022-12-30,39.130001068115234,39.459999084472656,38.380001068115234,39.43000030517578,39.43000030517578,183924
2023-01-03,39.599998474121094,39.849998474121094,37.2400016784668,37.2599983215332,37.2599983215332,439604
2023-01-04,37.93000030517578,38.34000015258789,37.470001220703125,37.75,37.75,315343
2023-01-05,37.2599983215332,38.63999938964844,36.900001525878906,38.18000030517578,38.18000030517578,447023
2023-01-06,38.34000015258789,39.13999938964844,37.78010177612305,38.2599983215332,38.2599983215332,283160
2023-01-09,38.369998931884766,38.369998931884766,34.66999816894531,36.939998626708984,36.939998626708984,935954
2023-01-10,36.959999084472656,37.79999923706055,36.47999954223633,37.119998931884766,37.119998931884766,631542
2023-01-11,36.97999954223633,37.11000061035156,35.8849983215332,36.290000915527344,36.290000915527344,502649
2023-01-12,36.029998779296875,37.59000015258789,35.7599983215332,36.54999923706055,36.54999923706055,762699
2023-01-13,36.52000045776367,38.029998779296875,36.0,36.20000076293945,36.20000076293945,358579
2023-01-17,36.06999969482422,36.79999923706055,35.560001373291016,36.20000076293945,36.20000076293945,244158
2023-01-18,36.13999938964844,36.81999969482422,35.61000061035156,35.93000030517578,35.93000030517578,172584
2023-01-19,35.970001220703125,36.8849983215332,35.650001525878906,35.66999816894531,35.66999816894531,374447
2023-01-20,35.95000076293945,36.6349983215332,35.790000915527344,36.47999954223633,36.47999954223633,414022
2023-01-23,36.43000030517578,36.77000045776367,36.0,36.150001525878906,36.150001525878906,226594
2023-01-24,36.150001525878906,36.8849983215332,35.54999923706055,36.5099983215332,36.5099983215332,258610
2023-01-25,36.36000061035156,37.84000015258789,36.0099983215332,37.70000076293945,37.70000076293945,283873
2023-01-26,37.959999084472656,38.599998474121094,37.494998931884766,38.150001525878906,38.150001525878906,235314
2023-01-27,38.27000045776367,39.369998931884766,37.619998931884766,37.650001525878906,37.650001525878906,313999
2023-01-30,37.400001525878906,38.27000045776367,37.20000076293945,38.0,38.0,251668
2023-01-31,38.400001525878906,39.43000030517578,38.31999969482422,39.09000015258789,39.09000015258789,395917
2023-02-01,39.130001068115234,39.84000015258789,38.529998779296875,39.18000030517578,39.18000030517578,350102
2023-02-02,39.4900016784668,39.939998626708984,37.439998626708984,38.34000015258789,38.34000015258789,496763
2023-02-03,38.13999938964844,39.4900016784668,37.90999984741211,39.189998626708984,39.189998626708984,207568
2023-02-06,39.040000915527344,39.93000030517578,38.59000015258789,39.189998626708984,39.189998626708984,528323
2023-02-07,39.27000045776367,39.650001525878906,37.72999954223633,39.61000061035156,39.61000061035156,216072
2023-02-08,39.47999954223633,39.88999938964844,38.625,38.849998474121094,38.849998474121094,230388
2023-02-09,38.97999954223633,39.61000061035156,38.665000915527344,38.849998474121094,38.849998474121094,244046
2023-02-10,38.720001220703125,39.54999923706055,38.290000915527344,39.529998779296875,39.529998779296875,344562
2023-02-13,39.599998474121094,40.93989944458008,38.947898864746094,40.279998779296875,40.279998779296875,731009
2023-02-14,40.16999816894531,41.25,39.255001068115234,39.709999084472656,39.709999084472656,514201
2023-02-15,39.41999816894531,39.93000030517578,38.08000183105469,38.810001373291016,38.810001373291016,360500
2023-02-16,38.5,39.09000015258789,37.86579895019531,38.209999084472656,38.209999084472656,298627
2023-02-17,38.209999084472656,38.61000061035156,37.900001525878906,38.34000015258789,38.34000015258789,148791
2023-02-21,38.25,38.25,36.040000915527344,36.5099983215332,36.5099983215332,671924
2023-02-22,36.619998931884766,37.4900016784668,36.290000915527344,37.09000015258789,37.09000015258789,264767
2023-02-23,37.20000076293945,38.61000061035156,36.9900016784668,38.33000183105469,38.33000183105469,336078
2023-02-24,37.869998931884766,39.19499969482422,37.45500183105469,38.72999954223633,38.72999954223633,273248
2023-02-27,38.880001068115234,39.02000045776367,38.02000045776367,38.70000076293945,38.70000076293945,247424
2023-02-28,38.849998474121094,39.529998779296875,38.29999923706055,39.459999084472656,39.459999084472656,359915
2023-03-01,39.75,40.68000030517578,39.459999084472656,40.349998474121094,40.349998474121094,546485
2023-03-02,40.0,40.0,36.97999954223633,37.369998931884766,37.369998931884766,1423469
2023-03-03,37.369998931884766,38.0,36.81999969482422,37.0099983215332,37.0099983215332,508844
2023-03-06,36.97999954223633,37.20000076293945,36.459999084472656,37.130001068115234,37.130001068115234,393895
2023-03-07,37.18000030517578,37.369998931884766,35.61000061035156,36.040000915527344,36.040000915527344,397654
2023-03-08,36.040000915527344,36.20000076293945,35.43000030517578,36.20000076293945,36.20000076293945,321157
2023-03-09,36.33000183105469,36.7599983215332,35.095001220703125,35.45000076293945,35.45000076293945,415721
2023-03-10,35.0,36.439998626708984,33.89500045776367,34.18000030517578,34.18000030517578,651104
2023-03-13,33.95000076293945,34.91999816894531,33.58000183105469,34.22999954223633,34.22999954223633,344342
2023-03-14,34.619998931884766,35.17499923706055,33.90999984741211,34.4900016784668,34.4900016784668,251572
2023-03-15,34.13999938964844,34.185001373291016,33.0,33.97999954223633,33.97999954223633,218557
2023-03-16,33.75,34.470001220703125,32.63999938964844,34.13999938964844,34.13999938964844,277551
2023-03-17,33.86000061035156,33.939998626708984,33.13999938964844,33.59000015258789,33.59000015258789,698426
2023-03-20,33.72999954223633,34.79999923706055,33.380001068115234,34.599998474121094,34.599998474121094,180440
2023-03-21,34.779998779296875,34.779998779296875,33.41999816894531,33.459999084472656,33.459999084472656,310050
2023-03-22,33.40999984741211,33.97249984741211,32.689998626708984,33.54999923706055,33.54999923706055,529135
2023-03-23,33.90999984741211,34.595001220703125,32.939998626708984,33.9900016784668,33.9900016784668,467759
2023-03-24,33.619998931884766,35.25,33.060001373291016,35.04999923706055,35.04999923706055,528335
2023-03-27,34.970001220703125,35.11000061035156,34.13999938964844,34.439998626708984,34.439998626708984,617603
2023-03-28,34.369998931884766,34.790000915527344,33.2400016784668,34.619998931884766,34.619998931884766,414665
2023-03-29,34.90999984741211,36.58000183105469,34.650001525878906,36.16999816894531,36.16999816894531,432880
2023-03-30,36.33000183105469,36.470001220703125,35.275001525878906,35.61000061035156,35.61000061035156,332224
2023-03-31,35.779998779296875,36.525001525878906,35.32500076293945,35.790000915527344,35.790000915527344,290055
2023-04-03,35.52000045776367,36.709999084472656,35.5,36.689998626708984,36.689998626708984,438914
2023-04-04,36.70000076293945,36.81999969482422,35.63999938964844,36.08000183105469,36.08000183105469,226250
2023-04-05,35.900001525878906,36.334999084472656,34.83000183105469,34.91999816894531,34.91999816894531,266512
2023-04-06,34.88999938964844,35.95000076293945,34.56999969482422,35.13999938964844,35.13999938964844,450127
2023-04-10,35.04999923706055,35.2400016784668,33.599998474121094,34.84000015258789,34.84000015258789,330020
2023-04-11,34.91999816894531,35.619998931884766,34.79499816894531,35.220001220703125,35.220001220703125,244053
2023-04-12,35.47999954223633,36.435001373291016,34.93000030517578,35.290000915527344,35.290000915527344,448709
2023-04-13,35.45000076293945,36.83000183105469,34.66999816894531,36.2599983215332,36.2599983215332,421313
2023-04-14,36.22999954223633,36.59000015258789,35.375,35.599998474121094,35.599998474121094,313434
2023-04-17,35.790000915527344,37.209999084472656,35.755001068115234,37.04999923706055,37.04999923706055,190593
2023-04-18,37.380001068115234,37.88999938964844,36.9744987487793,37.54999923706055,37.54999923706055,310168
2023-04-19,37.349998474121094,38.119998931884766,37.13999938964844,38.0,38.0,263918
2023-04-20,37.849998474121094,38.470001220703125,37.724998474121094,38.20000076293945,38.20000076293945,199653
2023-04-21,38.16999816894531,39.61000061035156,37.95000076293945,39.38999938964844,39.38999938964844,676296
2023-04-24,39.630001068115234,40.0,39.040000915527344,39.2599983215332,39.2599983215332,658296
2023-04-25,39.97999954223633,40.720001220703125,39.4900016784668,39.77000045776367,39.77000045776367,467080
2023-04-26,39.5,40.19169998168945,39.04999923706055,39.52000045776367,39.52000045776367,356228
2023-04-27,39.5099983215332,39.52000045776367,38.5099983215332,39.380001068115234,39.380001068115234,385113
2023-04-28,39.25,40.380001068115234,38.40999984741211,40.279998779296875,40.279998779296875,473602
2023-05-01,40.27000045776367,41.25,39.81999969482422,39.97999954223633,39.97999954223633,368908
2023-05-02,39.900001525878906,40.77000045776367,39.88999938964844,40.18000030517578,40.18000030517578,494560
2023-05-03,40.209999084472656,41.22999954223633,40.10499954223633,40.779998779296875,40.779998779296875,330171
2023-05-04,40.70000076293945,41.599998474121094,40.119998931884766,41.36000061035156,41.36000061035156,443740
2023-05-05,41.630001068115234,42.650001525878906,41.41999816894531,42.41999816894531,42.41999816894531,358748
2023-05-08,42.470001220703125,42.630001068115234,41.58000183105469,42.5,42.5,286082
2023-05-09,42.380001068115234,43.56999969482422,42.13999938964844,43.540000915527344,43.540000915527344,594708
2023-05-10,41.810001373291016,42.810001373291016,39.8650016784668,41.13999938964844,41.13999938964844,873979
2023-05-11,41.189998626708984,42.189998626708984,40.59000015258789,40.9900016784668,40.9900016784668,490002
2023-05-12,41.0099983215332,41.189998626708984,39.900001525878906,40.15999984741211,40.15999984741211,451999
2023-05-15,40.400001525878906,42.5,40.400001525878906,41.7400016784668,41.7400016784668,379037
2023-05-16,41.66999816894531,41.66999816894531,40.64500045776367,41.119998931884766,41.119998931884766,241083
2023-05-17,41.119998931884766,41.45000076293945,40.25,41.310001373291016,41.310001373291016,284511
2023-05-18,41.150001525878906,41.279998779296875,40.20500183105469,40.77000045776367,40.77000045776367,233920
2023-05-19,41.16999816894531,41.689998626708984,40.939998626708984,41.02000045776367,41.02000045776367,158670
2023-05-22,41.13999938964844,42.18000030517578,40.56399917602539,42.13999938964844,42.13999938964844,175162
2023-05-23,42.09000015258789,42.939998626708984,41.66999816894531,41.84000015258789,41.84000015258789,366509
2023-05-24,41.529998779296875,41.66999816894531,40.630001068115234,41.400001525878906,41.400001525878906,223283
2023-05-25,41.459999084472656,41.459999084472656,40.09000015258789,40.5099983215332,40.5099983215332,250780
2023-05-26,40.5099983215332,41.220001220703125,40.0,40.09000015258789,40.09000015258789,157561
2023-05-30,39.91999816894531,41.0,38.290000915527344,38.369998931884766,38.369998931884766,530975
2023-05-31,38.4900016784668,39.33000183105469,38.11000061035156,38.529998779296875,38.529998779296875,501881
2023-06-01,38.439998626708984,40.36000061035156,38.13999938964844,38.650001525878906,38.650001525878906,369526
2023-06-02,38.7400016784668,39.08000183105469,38.08000183105469,38.959999084472656,38.959999084472656,351553
2023-06-05,38.84000015258789,39.59000015258789,38.625,39.5,39.5,315050
2023-06-06,39.25,40.22999954223633,39.20000076293945,40.0099983215332,40.0099983215332,386128
2023-06-07,40.029998779296875,42.0099983215332,39.45000076293945,41.65999984741211,41.65999984741211,668911
2023-06-08,41.56999969482422,42.900001525878906,41.33000183105469,42.5099983215332,42.5099983215332,496497
2023-06-09,42.43000030517578,42.72999954223633,41.91999816894531,42.02000045776367,42.02000045776367,398058
2023-06-12,42.36000061035156,42.88999938964844,41.40999984741211,42.349998474121094,42.349998474121094,214996
2023-06-13,42.5099983215332,43.75,42.0,43.13999938964844,43.13999938964844,395165
2023-06-14,43.060001373291016,43.060001373291016,41.369998931884766,42.61000061035156,42.61000061035156,593233
2023-06-15,42.540000915527344,42.75,40.97999954223633,42.029998779296875,42.029998779296875,634296
2023-06-16,42.310001373291016,42.310001373291016,40.560001373291016,40.790000915527344,40.790000915527344,490806
2023-06-20,40.4900016784668,41.189998626708984,40.150001525878906,41.099998474121094,41.099998474121094,380384
2023-06-21,40.959999084472656,41.70000076293945,40.43000030517578,41.66999816894531,41.66999816894531,231072
2023-06-22,41.66999816894531,41.66999816894531,41.66999816894531,41.66999816894531,41.66999816894531,0
2023-06-23,40.34000015258789,40.525001525878906,39.900001525878906,40.0099983215332,40.0099983215332,294110
2023-06-26,40.0,41.324100494384766,38.95000076293945,39.029998779296875,39.029998779296875,249511
2023-06-27,38.970001220703125,40.220001220703125,38.525001525878906,40.11000061035156,40.11000061035156,598969
2023-06-28,40.209999084472656,40.5,39.60499954223633,40.470001220703125,40.470001220703125,276969
2023-06-29,40.38999938964844,41.310001373291016,38.27000045776367,38.43000030517578,38.43000030517578,257486
2023-06-30,38.72999954223633,39.4900016784668,38.334999084472656,38.5,38.5,255726
2023-07-03,38.40999984741211,39.93000030517578,38.0,38.25,38.25,157646
2023-07-05,38.33000183105469,38.9900016784668,37.880001068115234,38.45000076293945,38.45000076293945,145628
2023-07-06,38.02000045776367,39.16999816894531,37.86000061035156,38.91999816894531,38.91999816894531,206748
2023-07-07,38.95000076293945,39.40999984741211,38.279998779296875,38.70000076293945,38.70000076293945,267327
2023-07-10,38.630001068115234,39.040000915527344,38.310001373291016,38.59000015258789,38.59000015258789,219548
2023-07-11,38.4900016784668,39.720001220703125,38.177101135253906,39.63999938964844,39.63999938964844,182649
2023-07-12,39.939998626708984,39.939998626708984,38.060001373291016,38.70000076293945,38.70000076293945,337008
2023-07-13,38.70000076293945,39.06999969482422,38.060001373291016,38.09000015258789,38.09000015258789,250873
2023-07-14,38.16999816894531,38.869998931884766,37.505001068115234,38.849998474121094,38.849998474121094,182716
2023-07-17,39.02000045776367,40.040000915527344,39.02000045776367,39.119998931884766,39.119998931884766,354430
2023-07-18,39.09000015258789,39.31999969482422,38.439998626708984,39.04999923706055,39.04999923706055,249257
2023-07-19,39.2400016784668,39.5099983215332,38.54999923706055,39.150001525878906,39.150001525878906,187107
2023-07-20,39.119998931884766,39.30500030517578,37.81999969482422,37.880001068115234,37.880001068115234,354957
2023-07-21,38.029998779296875,38.11000061035156,36.849998474121094,37.0099983215332,37.0099983215332,268682
2023-07-24,37.130001068115234,37.130001068115234,36.15999984741211,36.38999938964844,36.38999938964844,454741
2023-07-25,36.25,37.119998931884766,36.040000915527344,36.4900016784668,36.4900016784668,322470
2023-07-26,36.439998626708984,37.099998474121094,35.415000915527344,35.79999923706055,35.79999923706055,352089
2023-07-27,35.849998474121094,36.130001068115234,35.255001068115234,35.83000183105469,35.83000183105469,297702
2023-07-28,36.11000061035156,36.709999084472656,35.54999923706055,36.66999816894531,36.66999816894531,244977
2023-07-31,36.65999984741211,37.4900016784668,36.275001525878906,36.91999816894531,36.91999816894531,193097
2023-08-01,36.91999816894531,38.43000030517578,36.73500061035156,37.380001068115234,37.380001068115234,331520
2023-08-02,37.220001220703125,38.029998779296875,36.81999969482422,37.790000915527344,37.790000915527344,331476
2023-08-03,37.70000076293945,38.22999954223633,36.56999969482422,37.63999938964844,37.63999938964844,347967
2023-08-04,37.689998626708984,38.33000183105469,37.31999969482422,38.16999816894531,38.16999816894531,226380
2023-08-07,37.970001220703125,38.20000076293945,35.5099983215332,35.5099983215332,35.5099983215332,606184
2023-08-08,35.650001525878906,36.18000030517578,35.34000015258789,35.349998474121094,35.349998474121094,348129
2023-08-09,35.369998931884766,36.185001373291016,35.060001373291016,35.45000076293945,35.45000076293945,461792
2023-08-10,36.2400016784668,38.95000076293945,36.189998626708984,38.38999938964844,38.38999938964844,978740
2023-08-11,38.2400016784668,38.625,37.689998626708984,37.70000076293945,37.70000076293945,305617
2023-08-14,37.68000030517578,38.09000015258789,37.060001373291016,37.540000915527344,37.540000915527344,276473
2023-08-15,37.459999084472656,37.81999969482422,36.93000030517578,37.36000061035156,37.36000061035156,176653
2023-08-16,37.130001068115234,37.55500030517578,36.189998626708984,36.470001220703125,36.470001220703125,393983
2023-08-17,36.56999969482422,36.939998626708984,34.939998626708984,35.06999969482422,35.06999969482422,606739
2023-08-18,34.939998626708984,36.4900016784668,34.939998626708984,36.4900016784668,36.4900016784668,522571
2023-08-21,36.40999984741211,38.2599983215332,36.40999984741211,38.06999969482422,38.06999969482422,593979
2023-08-22,38.06999969482422,38.80500030517578,37.689998626708984,38.38999938964844,38.38999938964844,289191
2023-08-23,38.540000915527344,39.279998779296875,38.314998626708984,38.59000015258789,38.59000015258789,188972
2023-08-24,38.650001525878906,38.95000076293945,37.77000045776367,38.29999923706055,38.29999923706055,245984
2023-08-25,38.220001220703125,38.61000061035156,36.959999084472656,38.04999923706055,38.04999923706055,144714
2023-08-28,38.290000915527344,38.595001220703125,37.93000030517578,38.38999938964844,38.38999938964844,127240
2023-08-29,38.36000061035156,39.04499816894531,38.04999923706055,38.56999969482422,38.56999969482422,297666
2023-08-30,38.72999954223633,39.18000030517578,38.0,38.880001068115234,38.880001068115234,381593
2023-08-31,38.9900016784668,39.27000045776367,38.474998474121094,38.97999954223633,38.97999954223633,385426
2023-09-01,39.2400016784668,40.1349983215332,39.09000015258789,39.72999954223633,39.72999954223633,211564
2023-09-05,39.75,39.959999084472656,38.900001525878906,39.310001373291016,39.310001373291016,291738
2023-09-06,39.52000045776367,39.68000030517578,38.404998779296875,39.09000015258789,39.09000015258789,197046
2023-09-07,38.900001525878906,39.380001068115234,38.63999938964844,38.68000030517578,38.68000030517578,321123
2023-09-08,38.81999969482422,39.0,37.939998626708984,38.13999938964844,38.13999938964844,214411
2023-09-11,38.18000030517578,38.189998626708984,37.33000183105469,37.380001068115234,37.380001068115234,261312
2023-09-12,37.369998931884766,37.849998474121094,37.244998931884766,37.27000045776367,37.27000045776367,196630
2023-09-13,37.540000915527344,37.900001525878906,36.72999954223633,36.959999084472656,36.959999084472656,339376
2023-09-14,36.97999954223633,37.709999084472656,36.650001525878906,36.68000030517578,36.68000030517578,570810
2023-09-15,36.880001068115234,37.560001373291016,36.334999084472656,36.86000061035156,36.86000061035156,341843
2023-09-18,36.79999923706055,36.91999816894531,36.02000045776367,36.84000015258789,36.84000015258789,286371
2023-09-19,36.959999084472656,37.2599983215332,36.584999084472656,36.720001220703125,36.720001220703125,334542
2023-09-20,36.95000076293945,37.88999938964844,35.7599983215332,35.84000015258789,35.84000015258789,361978
2023-09-21,35.63999938964844,36.595001220703125,34.880001068115234,35.7599983215332,35.7599983215332,530556
2023-09-22,35.7599983215332,36.025699615478516,35.04999923706055,35.16999816894531,35.16999816894531,267832
2023-09-25,35.0099983215332,35.81999969482422,34.66999816894531,35.310001373291016,35.310001373291016,372549
2023-09-26,35.40999984741211,35.84000015258789,34.70000076293945,35.029998779296875,35.029998779296875,404913
2023-09-27,35.130001068115234,35.560001373291016,34.81999969482422,35.099998474121094,35.099998474121094,1596159
2023-09-28,35.130001068115234,35.47999954223633,33.93000030517578,35.33000183105469,35.33000183105469,590357
2023-09-29,35.40999984741211,36.20500183105469,34.09000015258789,34.15999984741211,34.15999984741211,493066
2023-10-02,34.43000030517578,34.619998931884766,33.04999923706055,33.060001373291016,33.060001373291016,386850
2023-10-03,32.779998779296875,33.77000045776367,32.650001525878906,33.58000183105469,33.58000183105469,382107
2023-10-04,33.59000015258789,33.970001220703125,32.720001220703125,33.5,33.5,356799
2023-10-05,33.540000915527344,35.41999816894531,33.250701904296875,35.16999816894531,35.16999816894531,699061
2023-10-06,35.189998626708984,35.880001068115234,32.645198822021484,35.61000061035156,35.61000061035156,256428
2023-10-09,35.38999938964844,35.900001525878906,35.189998626708984,35.4900016784668,35.4900016784668,235509
2023-10-10,35.599998474121094,36.779998779296875,35.52000045776367,36.689998626708984,36.689998626708984,573048
2023-10-11,36.970001220703125,36.970001220703125,34.93000030517578,35.380001068115234,35.380001068115234,332276
2023-10-12,35.27000045776367,35.540000915527344,34.47999954223633,34.720001220703125,34.720001220703125,225493
2023-10-13,34.720001220703125,35.439998626708984,33.43000030517578,35.13999938964844,35.13999938964844,192540
2023-10-16,35.279998779296875,35.45000076293945,34.61000061035156,34.97999954223633,34.97999954223633,498902
2023-10-17,34.95000076293945,35.709999084472656,34.720001220703125,35.290000915527344,35.290000915527344,224872
2023-10-18,35.029998779296875,35.14500045776367,34.5,34.91999816894531,34.91999816894531,230345
2023-10-19,35.06999969482422,35.314998626708984,34.494998931884766,34.95000076293945,34.95000076293945,559418
2023-10-20,34.95000076293945,35.43000030517578,32.959999084472656,33.2400016784668,33.2400016784668,466859
2023-10-23,33.2400016784668,33.2400016784668,32.36000061035156,32.70000076293945,32.70000076293945,364170
2023-10-24,32.88999938964844,33.459999084472656,32.2599983215332,33.150001525878906,33.150001525878906,362910
2023-10-25,32.810001373291016,34.22650146484375,32.345001220703125,32.95000076293945,32.95000076293945,245871
2023-10-26,33.040000915527344,33.09000015258789,30.90999984741211,31.139999389648438,31.139999389648438,560145
2023-10-27,31.040000915527344,31.920000076293945,30.459999084472656,30.8700008392334,30.8700008392334,734474
2023-10-30,31.3799991607666,31.950000762939453,30.649999618530273,31.5,31.5,453926
2023-10-31,31.31999969482422,31.780000686645508,30.06999969482422,31.0,31.0,653521
2023-11-01,31.170000076293945,31.479999542236328,30.274999618530273,31.219999313354492,31.219999313354492,446967
2023-11-02,31.549999237060547,33.1150016784668,31.549999237060547,33.06999969482422,33.06999969482422,723195
2023-11-03,33.369998931884766,33.87710189819336,32.76499938964844,32.880001068115234,32.880001068115234,455769
2023-11-06,32.880001068115234,32.900001525878906,32.099998474121094,32.86000061035156,32.86000061035156,423998
2023-11-07,32.869998931884766,33.26499938964844,31.760000228881836,31.790000915527344,31.790000915527344,882900
2023-11-08,31.799999237060547,32.20000076293945,31.110000610351562,32.150001525878906,32.150001525878906,444795
2023-11-09,33.41999816894531,34.24599838256836,29.670000076293945,30.0,30.0,2140665
2023-11-10,29.649999618530273,30.350000381469727,28.549999237060547,28.829999923706055,28.829999923706055,904757
2023-11-13,28.6200008392334,29.950000762939453,27.985000610351562,29.700000762939453,29.700000762939453,626959
2023-11-14,30.440000534057617,31.15999984741211,29.540000915527344,29.75,29.75,673552
2023-11-15,29.670000076293945,30.049999237060547,29.1200008392334,29.149999618530273,29.149999618530273,580532
2023-11-16,29.190000534057617,29.190000534057617,28.100000381469727,28.700000762939453,28.700000762939453,531534
2023-11-17,29.079999923706055,29.719999313354492,28.475000381469727,29.440000534057617,29.440000534057617,626577
2023-11-20,29.459999084472656,29.899999618530273,28.7450008392334,29.09000015258789,29.09000015258789,472446
2023-11-21,28.889999389648438,30.049999237060547,28.770000457763672,30.030000686645508,30.030000686645508,583970
2023-11-22,30.190000534057617,30.25,28.549999237060547,28.729999542236328,28.729999542236328,446423
2023-11-24,28.739999771118164,29.190000534057617,28.20050048828125,28.969999313354492,28.969999313354492,347395
2023-11-27,29.0,34.2599983215332,29.0,34.119998931884766,34.119998931884766,3379791
2023-11-28,34.41999816894531,35.75,33.619998931884766,35.2400016784668,35.2400016784668,1031477
2023-11-29,35.29999923706055,36.15719985961914,33.7400016784668,33.75,33.75,377319
2023-11-30,35.45000076293945,38.13999938964844,35.18000030517578,36.58000183105469,36.58000183105469,2691414
2023-12-01,35.81999969482422,37.599998474121094,35.77000045776367,36.79999923706055,36.79999923706055,654095
2023-12-04,37.20000076293945,37.897098541259766,35.75,37.7599983215332,37.7599983215332,859105
2023-12-05,37.90999984741211,38.79999923706055,37.20000076293945,38.7400016784668,38.7400016784668,506754
2023-12-06,38.88999938964844,39.470001220703125,38.2599983215332,38.630001068115234,38.630001068115234,768073
2023-12-07,38.84000015258789,39.439998626708984,38.13999938964844,39.040000915527344,39.040000915527344,441500
2023-12-08,39.369998931884766,40.334999084472656,38.25,38.34000015258789,38.34000015258789,318215
2023-12-11,38.38999938964844,38.65999984741211,37.2400016784668,38.33000183105469,38.33000183105469,556991
2023-12-12,38.33000183105469,39.9900016784668,37.95000076293945,39.68000030517578,39.68000030517578,512852
2023-12-13,39.720001220703125,40.25,38.810001373291016,39.900001525878906,39.900001525878906,474464
2023-12-14,40.540000915527344,41.279998779296875,39.22999954223633,41.2400016784668,41.2400016784668,1250994
2023-12-15,41.380001068115234,42.04999923706055,39.97999954223633,41.40999984741211,41.40999984741211,794686
2023-12-18,41.650001525878906,42.15999984741211,40.939998626708984,41.150001525878906,41.150001525878906,559685
2023-12-19,41.93000030517578,42.61000061035156,41.53499984741211,42.0099983215332,42.0099983215332,530521
2023-12-20,41.619998931884766,41.790000915527344,40.66999816894531,41.0,41.0,556582
2023-12-21,41.599998474121094,41.900001525878906,41.02000045776367,41.529998779296875,41.529998779296875,384347
2023-12-22,42.5,45.56999969482422,42.12860107421875,44.630001068115234,44.630001068115234,1484655
2023-12-26,44.709999084472656,45.810001373291016,44.38999938964844,45.79999923706055,45.79999923706055,668148
2023-12-27,45.95000076293945,46.66999816894531,45.040000915527344,46.459999084472656,46.459999084472656,511851
2023-12-28,46.459999084472656,47.0,46.02000045776367,46.29999923706055,46.29999923706055,802716
2023-12-29,46.29999923706055,46.61000061035156,45.790000915527344,46.060001373291016,46.060001373291016,658015
2024-01-02,45.4900016784668,46.16999816894531,44.09000015258789,44.90999984741211,44.90999984741211,727752
2024-01-03,44.70000076293945,44.90999984741211,44.09000015258789,44.189998626708984,44.189998626708984,304405
2024-01-04,46.099998474121094,46.97999954223633,44.25,46.02000045776367,46.02000045776367,1252124
2024-01-05,45.63999938964844,46.029998779296875,44.93000030517578,45.5,45.5,585932
2024-01-08,45.2599983215332,48.0,45.02000045776367,47.880001068115234,47.880001068115234,749345
2024-01-09,47.5099983215332,47.974998474121094,46.66999816894531,47.150001525878906,47.150001525878906,713949
2024-01-10,47.060001373291016,47.630001068115234,44.48500061035156,45.08000183105469,45.08000183105469,447419
2024-01-11,44.56999969482422,45.6150016784668,43.880001068115234,44.91999816894531,44.91999816894531,631924
2024-01-12,45.400001525878906,45.75,44.76499938964844,45.09000015258789,45.09000015258789,384227
2024-01-16,44.810001373291016,45.84000015258789,44.625,45.83000183105469,45.83000183105469,538350
2024-01-17,45.189998626708984,45.689998626708984,44.70009994506836,45.630001068115234,45.630001068115234,600176
2024-01-18,45.709999084472656,45.77000045776367,43.94499969482422,44.099998474121094,44.099998474121094,416417
2024-01-19,44.2599983215332,44.34000015258789,43.25,43.77000045776367,43.77000045776367,328175
2024-01-22,44.02000045776367,45.380001068115234,43.525001525878906,45.20000076293945,45.20000076293945,512155
2024-01-23,45.20000076293945,45.52000045776367,44.189998626708984,45.04999923706055,45.04999923706055,304956
2024-01-24,45.470001220703125,45.470001220703125,43.869998931884766,44.029998779296875,44.029998779296875,313736
2024-01-25,44.099998474121094,45.189998626708984,43.75,45.150001525878906,45.150001525878906,324514
2024-01-26,45.11000061035156,45.72999954223633,44.869998931884766,45.63999938964844,45.63999938964844,340515
2024-01-29,45.61000061035156,47.16999816894531,45.29999923706055,46.5,46.5,470705
2024-01-30,46.189998626708984,46.779998779296875,45.380001068115234,45.66999816894531,45.66999816894531,358905
2024-01-31,45.75,46.459999084472656,45.220001220703125,45.220001220703125,45.220001220703125,227007
2024-02-01,45.43000030517578,47.029998779296875,44.970001220703125,46.43000030517578,46.43000030517578,246871
2024-02-02,45.79999923706055,46.060001373291016,44.915000915527344,45.91999816894531,45.91999816894531,227949
2024-02-05,45.90999984741211,46.75,44.630001068115234,46.38999938964844,46.38999938964844,483219
2024-02-06,46.310001373291016,47.90999984741211,46.10499954223633,47.68000030517578,47.68000030517578,371196
2024-02-07,47.72999954223633,48.0,46.66999816894531,47.130001068115234,47.130001068115234,383352
2024-02-08,47.380001068115234,48.310001373291016,46.93000030517578,48.18000030517578,48.18000030517578,252203
2024-02-09,48.459999084472656,50.08000183105469,48.209999084472656,50.040000915527344,50.040000915527344,531786
2024-02-12,49.959999084472656,50.97999954223633,48.98500061035156,49.36000061035156,49.36000061035156,707609
2024-02-13,47.75,49.439998626708984,47.0,48.060001373291016,48.060001373291016,520005
2024-02-14,48.560001373291016,49.0099983215332,48.16999816894531,48.5,48.5,238523
2024-02-15,48.709999084472656,49.060001373291016,48.11000061035156,48.689998626708984,48.689998626708984,242600
2024-02-16,48.439998626708984,49.04999923706055,48.2599983215332,48.90999984741211,48.90999984741211,207128
2024-02-20,48.90999984741211,49.22999954223633,47.95000076293945,48.41999816894531,48.41999816894531,223097
2024-02-21,48.349998474121094,49.099998474121094,47.849300384521484,48.83000183105469,48.83000183105469,457123
2024-02-22,48.83000183105469,50.59000015258789,48.56999969482422,49.25,49.25,734338
2024-02-23,49.209999084472656,49.5098991394043,48.7400016784668,49.459999084472656,49.459999084472656,296356
2024-02-26,49.2599983215332,50.59000015258789,48.209999084472656,49.130001068115234,49.130001068115234,409585
2024-02-27,49.599998474121094,49.880001068115234,48.650001525878906,49.630001068115234,49.630001068115234,493698
2024-02-28,49.25,49.79999923706055,47.63999938964844,47.84000015258789,47.84000015258789,529634
2024-02-29,47.83000183105469,50.59000015258789,46.54069900512695,47.20000076293945,47.20000076293945,685666
2024-03-01,49.70000076293945,50.9900016784668,46.70000076293945,46.84000015258789,46.84000015258789,721322
2024-03-04,47.79999923706055,47.79999923706055,44.810001373291016,45.95000076293945,45.95000076293945,448723
2024-03-05,46.06999969482422,46.75,45.36000061035156,46.0,46.0,290148
2024-03-06,46.0,47.439998626708984,45.540000915527344,45.959999084472656,45.959999084472656,353153
2024-03-07,46.029998779296875,46.689998626708984,45.650001525878906,46.15999984741211,46.15999984741211,256539
2024-03-08,46.22999954223633,46.869998931884766,45.4900016784668,46.2400016784668,46.2400016784668,267223
2024-03-11,45.70000076293945,45.709999084472656,44.029998779296875,44.369998931884766,44.369998931884766,608612
2024-03-12,44.29999923706055,45.470001220703125,43.90999984741211,44.25,44.25,459614
2024-03-13,44.400001525878906,45.154998779296875,44.06999969482422,45.08000183105469,45.08000183105469,265585
2024-03-14,44.900001525878906,45.029998779296875,43.099998474121094,43.66999816894531,43.66999816894531,293021
2024-03-15,43.709999084472656,44.45500183105469,43.16999816894531,43.959999084472656,43.959999084472656,254025
2024-03-18,43.83000183105469,44.369998931884766,42.81999969482422,42.88999938964844,42.88999938964844,340825
2024-03-19,42.88999938964844,44.5099983215332,42.2400016784668,44.349998474121094,44.349998474121094,439883
2024-03-20,44.04999923706055,44.04999923706055,43.0,43.790000915527344,43.790000915527344,190224
2024-03-21,44.11000061035156,44.810001373291016,43.439998626708984,43.45000076293945,43.45000076293945,312570
2024-03-22,43.65999984741211,44.150001525878906,43.119998931884766,44.0,44.0,263745
2024-03-25,43.970001220703125,44.46500015258789,42.5,42.70000076293945,42.70000076293945,406456
2024-03-26,43.0,43.51499938964844,42.59000015258789,42.65999984741211,42.65999984741211,184075
2024-03-27,42.7599983215332,43.185001373291016,42.08000183105469,43.0,43.0,438100
2024-03-28,42.880001068115234,43.54499816894531,42.375,43.04999923706055,43.04999923706055,364266
2024-04-01,43.18000030517578,43.18000030517578,41.2599983215332,42.13999938964844,42.13999938964844,240125
2024-04-02,41.849998474121094,42.0099983215332,41.1349983215332,41.470001220703125,41.470001220703125,237071
2024-04-03,41.470001220703125,41.75,40.970001220703125,41.29999923706055,41.29999923706055,276669
2024-04-04,41.5,42.68000030517578,41.36149978637695,42.209999084472656,42.209999084472656,459334
2024-04-05,42.040000915527344,42.775001525878906,41.47999954223633,42.25,42.25,183991
2024-04-08,42.25,42.790000915527344,41.75,42.619998931884766,42.619998931884766,265329
2024-04-09,42.58000183105469,43.084999084472656,42.46500015258789,43.029998779296875,43.029998779296875,203498
2024-04-10,42.58000183105469,43.29999923706055,41.9900016784668,42.43000030517578,42.43000030517578,209161
2024-04-11,42.36000061035156,43.09000015258789,42.13999938964844,42.970001220703125,42.970001220703125,188192
2024-04-12,42.66999816894531,42.66999816894531,40.540000915527344,41.29999923706055,41.29999923706055,582422
2024-04-15,41.33000183105469,41.709999084472656,40.619998931884766,41.310001373291016,41.310001373291016,362008
2024-04-16,41.310001373291016,42.025001525878906,41.0,41.4900016784668,41.4900016784668,409168
2024-04-17,41.4900016784668,41.9900016784668,41.18000030517578,41.630001068115234,41.630001068115234,393800
2024-04-18,41.720001220703125,41.720001220703125,39.59000015258789,40.310001373291016,40.310001373291016,324121
2024-04-19,40.47999954223633,41.2599983215332,39.0099983215332,39.880001068115234,39.880001068115234,362875
2024-04-22,39.91999816894531,40.310001373291016,39.18000030517578,40.0099983215332,40.0099983215332,395140
2024-04-23,40.22999954223633,41.59000015258789,39.52000045776367,41.09000015258789,41.09000015258789,323512
2024-04-24,41.15999984741211,41.15999984741211,39.2400016784668,39.5,39.5,325554
2024-04-25,39.33000183105469,40.81999969482422,38.849998474121094,40.099998474121094,40.099998474121094,255970
2024-04-26,40.02000045776367,40.869998931884766,39.79999923706055,40.5,40.5,320772
2024-04-29,40.939998626708984,42.81999969482422,40.599998474121094,42.72999954223633,42.72999954223633,629045
2024-04-30,42.31999969482422,42.709999084472656,40.650001525878906,40.650001525878906,40.650001525878906,595929
2024-05-01,41.15999984741211,43.58000183105469,41.15999984741211,42.4900016784668,42.4900016784668,368985
2024-05-02,42.79999923706055,43.02000045776367,41.849998474121094,43.0,43.0,204121
2024-05-03,43.58000183105469,43.790000915527344,42.84000015258789,43.75,43.75,252216
2024-05-06,43.869998931884766,44.3671989440918,42.66999816894531,43.189998626708984,43.189998626708984,266970
2024-05-07,43.400001525878906,43.630001068115234,42.64500045776367,43.43000030517578,43.43000030517578,140345
2024-05-08,43.209999084472656,43.209999084472656,42.18000030517578,42.93000030517578,42.93000030517578,113596
2024-05-09,42.93000030517578,43.02000045776367,42.2400016784668,42.4900016784668,42.4900016784668,182754
2024-05-10,40.7599983215332,42.560001373291016,38.599998474121094,40.540000915527344,40.540000915527344,527882
2024-05-13,41.04999923706055,42.119998931884766,40.47999954223633,40.47999954223633,40.47999954223633,316882
2024-05-14,41.04999923706055,42.45000076293945,40.47999954223633,40.58000183105469,40.58000183105469,295385
2024-05-15,41.08000183105469,41.869998931884766,40.150001525878906,40.45000076293945,40.45000076293945,355423
2024-05-16,40.290000915527344,41.095001220703125,39.5,40.34000015258789,40.34000015258789,505234
2024-05-17,40.08000183105469,40.560001373291016,39.47999954223633,39.79999923706055,39.79999923706055,261461
2024-05-20,39.75,40.43000030517578,39.06999969482422,40.41999816894531,40.41999816894531,469380
2024-05-21,40.349998474121094,40.65999984741211,38.75,38.97999954223633,38.97999954223633,359807
2024-05-22,39.099998474121094,39.56999969482422,38.5099983215332,38.79999923706055,38.79999923706055,418657
2024-05-23,39.0099983215332,39.38990020751953,37.529998779296875,38.459999084472656,38.459999084472656,591856
2024-05-24,38.34000015258789,40.119998931884766,38.11000061035156,38.369998931884766,38.369998931884766,193372
2024-05-28,38.77000045776367,39.18000030517578,38.14939880371094,38.61000061035156,38.61000061035156,331221
2024-05-29,38.099998474121094,38.369998931884766,37.154998779296875,38.290000915527344,38.290000915527344,264337
2024-05-30,38.41999816894531,39.36000061035156,38.119998931884766,39.040000915527344,39.040000915527344,304956
2024-05-31,39.15999984741211,39.69990158081055,37.529998779296875,38.06999969482422,38.06999969482422,778149
2024-06-03,38.540000915527344,39.939998626708984,37.880001068115234,38.439998626708984,38.439998626708984,354602
2024-06-04,38.4900016784668,38.90999984741211,37.34000015258789,38.099998474121094,38.099998474121094,683087
2024-06-05,38.20000076293945,38.61000061035156,37.81999969482422,38.15999984741211,38.15999984741211,301826
2024-06-06,38.25,38.36000061035156,37.2400016784668,37.83000183105469,37.83000183105469,404773
2024-06-07,37.4900016784668,38.279998779296875,37.46329879760742,37.68000030517578,37.68000030517578,355964
2024-06-10,37.5,38.33000183105469,37.36000061035156,38.2400016784668,38.2400016784668,195032
2024-06-11,38.189998626708984,38.29999923706055,37.505001068115234,37.959999084472656,37.959999084472656,208712
2024-06-12,38.790000915527344,38.97999954223633,37.939998626708984,38.36000061035156,38.36000061035156,251156
2024-06-13,38.25,38.810001373291016,37.775001525878906,38.040000915527344,38.040000915527344,300462
2024-06-14,37.75,37.7599983215332,36.54999923706055,37.25,37.25,273938
2024-06-17,37.220001220703125,37.380001068115234,36.2400016784668,36.599998474121094,36.599998474121094,487700
2024-06-18,36.709999084472656,36.95000076293945,35.65999984741211,36.25,36.25,668251
2024-06-20,36.06999969482422,37.529998779296875,35.689998626708984,37.09000015258789,37.09000015258789,681684
2024-06-21,37.400001525878906,37.94850158691406,36.84000015258789,37.4900016784668,37.4900016784668,614666
2024-06-24,37.72999954223633,37.75,37.08000183105469,37.40999984741211,37.40999984741211,387347
2024-06-25,37.2599983215332,37.630001068115234,36.44499969482422,37.0,37.0,590318
2024-06-26,36.84000015258789,36.84000015258789,35.529998779296875,36.56999969482422,36.56999969482422,423780
2024-06-27,36.84000015258789,37.5099983215332,35.95000076293945,37.40999984741211,37.40999984741211,669310
2024-06-28,37.5099983215332,39.099998474121094,37.34000015258789,38.9900016784668,38.9900016784668,498273
2024-07-01,38.709999084472656,39.54999923706055,37.46500015258789,37.689998626708984,37.689998626708984,767551
2024-07-02,37.599998474121094,37.63999938964844,36.560001373291016,36.560001373291016,36.560001373291016,267905
2024-07-03,36.63999938964844,37.0099983215332,35.72999954223633,36.119998931884766,36.119998931884766,272841
2024-07-05,36.279998779296875,36.95000076293945,35.939998626708984,36.810001373291016,36.810001373291016,347498
2024-07-08,37.09000015258789,37.70000076293945,37.0,37.189998626708984,37.189998626708984,533038
2024-07-09,37.04999923706055,39.880001068115234,37.0,39.25,39.25,493199
2024-07-10,39.36000061035156,39.810001373291016,38.34000015258789,39.54999923706055,39.54999923706055,618993
2024-07-11,40.0,41.34000015258789,39.56999969482422,41.18000030517578,41.18000030517578,332908
2024-07-12,41.779998779296875,43.060001373291016,41.73500061035156,42.91999816894531,42.91999816894531,689897
2024-07-15,43.20000076293945,44.7400016784668,41.66999816894531,41.900001525878906,41.900001525878906,966681
2024-07-16,42.220001220703125,42.98500061035156,42.220001220703125,42.939998626708984,42.939998626708984,557281
2024-07-17,42.220001220703125,42.869998931884766,41.209999084472656,42.29999923706055,42.29999923706055,256339
